0 0 0 
0 1 0 
0 1 1 
1 1 1 
1 2 1 
0 2 1 
0 3 1 
0 3 2 
0 2 2 
0 1 2 
0 0 2 
1 0 2 
1 1 2 
1 1 3 
1 1 4 
0 1 4 
-1 1 4 
-2 1 4 
-2 2 4 
-2 3 4 
-2 3 5 
-2 4 5 
-2 4 6 
-1 4 6 
0 4 6 
1 4 6 
1 4 7 
1 4 8 
1 3 8 
1 3 7 
0 3 7 
0 4 7 
0 4 8 
0 4 9 
-1 4 9 
-1 3 9 
-1 2 9 
-1 1 9 
-2 1 9 
-2 0 9 
-2 0 10 
-2 -1 10 
-1 -1 10 
-1 -1 9 
-1 -2 9 
-1 -2 8 
-2 -2 8 
-3 -2 8 
-4 -2 8 
-4 -1 8 
-5 -1 8 
-6 -1 8 
-6 -2 8 
-7 -2 8 
-7 -3 8 
-8 -3 8 
-8 -3 7 
-8 -4 7 
-7 -4 7 
-7 -5 7 
-7 -5 8 
-7 -5 9 
-7 -6 9 
-6 -6 9 
-6 -6 10 
-6 -5 10 
-6 -4 10 
-6 -4 9 
-6 -3 9 
-6 -2 9 
-6 -1 9 
-6 -1 10 
-6 0 10 
-6 1 10 
-6 1 9 
-6 1 8 
-6 1 7 
-6 1 6 
-7 1 6 
-7 2 6 
-6 2 6 
-6 2 5 
-6 1 5 
-6 1 4 
-6 0 4 
-5 0 4 
-4 0 4 
-4 -1 4 
-4 -2 4 
-4 -2 5 
-4 -2 6 
-5 -2 6 
-5 -2 5 
-5 -1 5 
-6 -1 5 
-6 -1 4 
-6 -2 4 
-6 -2 5 
-6 -3 5 
-5 -3 5 
-4 -3 5 
-4 -3 6 
-4 -4 6 
-4 -4 7 
-4 -5 7 
-4 -5 8 
-3 -5 8 
-3 -6 8 
-3 -6 7 
-2 -6 7 
-2 -7 7 
-3 -7 7 
-3 -7 8 
-4 -7 8 
-4 -7 9 
-4 -8 9 
-4 -9 9 
-4 -9 10 
-3 -9 10 
-3 -9 11 
-3 -8 11 
-3 -8 12 
-3 -9 12 
-3 -9 13 
-2 -9 13 
-1 -9 13 
0 -9 13 
0 -8 13 
0 -7 13 
1 -7 13 
2 -7 13 
2 -7 12 
2 -7 11 
3 -7 11 
3 -7 10 
3 -8 10 
4 -8 10 
4 -7 10 
4 -7 11 
4 -8 11 
5 -8 11 
5 -9 11 
6 -9 11 
6 -9 12 
6 -10 12 
6 -11 12 
5 -11 12 
5 -10 12 
5 -10 11 
4 -10 11 
4 -10 12 
4 -9 12 
5 -9 12 
5 -9 13 
4 -9 13 
4 -10 13 
3 -10 13 
3 -11 13 
2 -11 13 
1 -11 13 
1 -11 12 
1 -10 12 
1 -9 12 
1 -9 11 
0 -9 11 
0 -8 11 
-1 -8 11 
-1 -9 11 
-1 -10 11 
-1 -11 11 
-2 -11 11 
-3 -11 11 
-3 -12 11 
-2 -12 11 
-2 -12 12 
-2 -13 12 
-3 -13 12 
-3 -12 12 
-3 -11 12 
-3 -11 13 
-4 -11 13 
-4 -12 13 
-4 -12 14 
-4 -13 14 
-4 -13 15 
-5 -13 15 
-6 -13 15 
-7 -13 15 
-8 -13 15 
-8 -12 15 
-8 -12 14 
-8 -11 14 
-7 -11 14 
-7 -11 13 
-8 -11 13 
-8 -11 12 
-8 -10 12 
-8 -10 13 
-7 -10 13 
-7 -10 14 
-6 -10 14 
-6 -9 14 
-6 -8 14 
-5 -8 14 
-5 -8 13 
-5 -8 12 
-6 -8 12 
-6 -9 12 
-6 -9 11 
-5 -9 11 
-5 -9 10 
-6 -9 10 
-7 -9 10 
-7 -9 11 
-7 -10 11 
-7 -10 10 
-8 -10 10 
-8 -9 10 
-8 -9 9 
-7 -9 9 
-6 -9 9 
-6 -10 9 
-6 -11 9 
-6 -11 8 
-7 -11 8 
-8 -11 8 
-8 -10 8 
-9 -10 8 
-9 -10 7 
-9 -11 7 
-10 -11 7 
-10 -10 7 
-10 -10 8 
-11 -10 8 
-11 -10 9 
-11 -11 9 
-12 -11 9 
-12 -11 10 
-12 -12 10 
-12 -13 10 
-11 -13 10 
-11 -13 9 
-10 -13 9 
-9 -13 9 
-9 -13 8 
-10 -13 8 
-11 -13 8 
-11 -14 8 
-12 -14 8 
-12 -15 8 
-12 -16 8 
-12 -16 9 
-12 -17 9 
-13 -17 9 
-14 -17 9 
-15 -17 9 
-15 -18 9 
-15 -19 9 
-16 -19 9 
-16 -18 9 
-16 -17 9 
-17 -17 9 
-17 -17 10 
-17 -18 10 
-18 -18 10 
-18 -18 9 
-19 -18 9 
-19 -19 9 
-19 -19 10 
-19 -20 10 
-19 -20 9 
-18 -20 9 
-18 -21 9 
-18 -22 9 
-18 -22 8 
-18 -23 8 
-18 -23 7 
-17 -23 7 
-17 -23 8 
-16 -23 8 
-16 -23 7 
-15 -23 7 
-15 -24 7 
-15 -24 8 
-16 -24 8 
-16 -24 9 
-16 -24 10 
-16 -24 11 
-16 -25 11 
-16 -25 12 
-15 -25 12 
-15 -25 13 
-16 -25 13 
-16 -24 13 
-17 -24 13 
-17 -25 13 
-17 -26 13 
-17 -27 13 
-17 -28 13 
-17 -28 14 
-18 -28 14 
-18 -29 14 
-18 -29 13 
-18 -29 12 
-17 -29 12 
-16 -29 12 
-16 -30 12 
-16 -30 13 
-16 -30 14 
-15 -30 14 
-14 -30 14 
-14 -30 15 
-14 -30 16 
-14 -30 17 
-15 -30 17 
-15 -29 17 
-15 -28 17 
-16 -28 17 
-16 -28 16 
-17 -28 16 
-18 -28 16 
-18 -27 16 
-18 -26 16 
-18 -26 17 
-18 -25 17 
-17 -25 17 
-17 -25 18 
-17 -24 18 
-17 -23 18 
-17 -22 18 
-17 -21 18 
-18 -21 18 
-18 -20 18 
-18 -20 19 
-19 -20 19 
-19 -20 20 
-18 -20 20 
-18 -20 21 
-18 -19 21 
-18 -18 21 
-18 -18 20 
-19 -18 20 
-19 -18 21 
-19 -17 21 
-19 -16 21 
-19 -15 21 
-19 -15 22 
-19 -15 23 
-20 -15 23 
-21 -15 23 
-21 -15 22 
-22 -15 22 
-22 -14 22 
-23 -14 22 
-23 -13 22 
-23 -12 22 
-23 -12 21 
-22 -12 21 
-21 -12 21 
-21 -12 20 
-21 -13 20 
-21 -13 19 
-20 -13 19 
-20 -12 19 
-20 -11 19 
-19 -11 19 
-19 -12 19 
-19 -12 20 
-19 -13 20 
-18 -13 20 
-18 -14 20 
-18 -14 19 
-18 -13 19 
-17 -13 19 
-17 -13 20 
-17 -13 21 
-17 -13 22 
-17 -13 23 
-17 -13 24 
-18 -13 24 
-18 -12 24 
-18 -12 23 
-18 -11 23 
-19 -11 23 
-19 -11 22 
-19 -11 21 
-19 -10 21 
-19 -10 22 
-20 -10 22 
-20 -9 22 
-20 -8 22 
-20 -7 22 
-20 -7 21 
-20 -7 20 
-19 -7 20 
-19 -8 20 
-18 -8 20 
-18 -8 19 
-17 -8 19 
-17 -9 19 
-18 -9 19 
-19 -9 19 
-20 -9 19 
-20 -10 19 
-20 -10 18 
-19 -10 18 
-18 -10 18 
-18 -10 19 
-18 -10 20 
-18 -11 20 
-17 -11 20 
-17 -11 19 
-17 -10 19 
-17 -10 20 
-17 -10 21 
-16 -10 21 
-16 -11 21 
-17 -11 21 
-17 -12 21 
-16 -12 21 
-16 -12 22 
-15 -12 22 
-15 -13 22 
-15 -14 22 
-15 -15 22 
-15 -15 23 
-15 -15 24 
-14 -15 24 
-14 -16 24 
-14 -17 24 
-14 -17 23 
-13 -17 23 
-12 -17 23 
