-8.251270207852193783e-01
-4.251270207852194116e-01
-4.251270207852194116e-01
-2.651270207852193805e-01
-5.051270207852194272e-01
-1.851270207852193928e-01
-1.851270207852193928e-01
-4.251270207852194116e-01
-4.251270207852194116e-01
-6.651270207852193472e-01
-5.851270207852193872e-01
-2.512702078521939983e-02
-1.051270207852194050e-01
5.487297921478059837e-02
-1.851270207852193928e-01
-2.651270207852193805e-01
5.487297921478059837e-02
-5.051270207852194272e-01
-1.851270207852193928e-01
-2.651270207852193805e-01
-4.251270207852194116e-01
-3.451270207852193961e-01
-1.051270207852194050e-01
1.014872979214780591e+00
5.348729792147806084e-01
1.348729792147805862e-01
5.487297921478059837e-02
-2.512702078521939983e-02
-2.512702078521939983e-02
-1.051270207852194050e-01
5.487297921478059837e-02
6.148729792147805684e-01
-2.651270207852193805e-01
2.148729792147806017e-01
-1.051270207852194050e-01
-2.512702078521939983e-02
-8.251270207852193783e-01
3.748729792147805773e-01
1.094872979214780662e+00
-2.651270207852193805e-01
-1.051270207852194050e-01
2.148729792147806017e-01
-1.851270207852193928e-01
-2.512702078521939983e-02
-1.051270207852194050e-01
-2.512702078521939983e-02
-1.051270207852194050e-01
-1.051270207852194050e-01
6.948729792147806394e-01
-1.051270207852194050e-01
2.948729792147806172e-01
3.748729792147805773e-01
2.148729792147806017e-01
5.487297921478059837e-02
-2.651270207852193805e-01
5.348729792147806084e-01
3.748729792147805773e-01
-3.451270207852193961e-01
1.348729792147805862e-01
-6.651270207852193472e-01
-4.251270207852194116e-01
6.948729792147806394e-01
-4.251270207852194116e-01
2.148729792147806017e-01
1.348729792147805862e-01
-2.512702078521939983e-02
-1.051270207852194050e-01
1.348729792147805862e-01
-1.051270207852194050e-01
2.148729792147806017e-01
2.148729792147806017e-01
2.948729792147806172e-01
-2.651270207852193805e-01
2.148729792147806017e-01
2.148729792147806017e-01
5.487297921478059837e-02
8.548729792147805595e-01
5.348729792147806084e-01
4.548729792147805928e-01
2.948729792147806172e-01
-4.251270207852194116e-01
-1.851270207852193928e-01
-5.051270207852194272e-01
-3.451270207852193961e-01
-2.512702078521939983e-02
-3.451270207852193961e-01
-2.512702078521939983e-02
-2.651270207852193805e-01
-2.512702078521939983e-02
-4.251270207852194116e-01
1.348729792147805862e-01
6.948729792147806394e-01
8.548729792147805595e-01
3.748729792147805773e-01
1.348729792147805862e-01
-2.651270207852193805e-01
5.487297921478059837e-02
-1.051270207852194050e-01
-2.512702078521939983e-02
-2.651270207852193805e-01
-1.051270207852194050e-01
2.948729792147806172e-01
1.348729792147805862e-01
2.948729792147806172e-01
5.487297921478059837e-02
2.148729792147806017e-01
-1.051270207852194050e-01
-1.851270207852193928e-01
2.948729792147806172e-01
-3.451270207852193961e-01
-6.651270207852193472e-01
-5.051270207852194272e-01
-2.651270207852193805e-01
-3.451270207852193961e-01
-5.851270207852193872e-01
2.948729792147806172e-01
5.487297921478059837e-02
6.148729792147805684e-01
6.148729792147805684e-01
6.948729792147806394e-01
4.548729792147805928e-01
2.148729792147806017e-01
5.348729792147806084e-01
3.748729792147805773e-01
2.948729792147806172e-01
4.548729792147805928e-01
2.948729792147806172e-01
-2.512702078521939983e-02
-2.651270207852193805e-01
2.948729792147806172e-01
-5.051270207852194272e-01
-2.512702078521939983e-02
-4.251270207852194116e-01
-5.851270207852193872e-01
-1.051270207852194050e-01
-2.651270207852193805e-01
-1.851270207852193928e-01
-4.251270207852194116e-01
-6.651270207852193472e-01
-4.251270207852194116e-01
2.948729792147806172e-01
-2.651270207852193805e-01
-1.051270207852194050e-01
-3.451270207852193961e-01
-2.512702078521939983e-02
-1.851270207852193928e-01
-4.251270207852194116e-01
1.348729792147805862e-01
4.548729792147805928e-01
-1.051270207852194050e-01
-1.051270207852194050e-01
2.148729792147806017e-01
1.348729792147805862e-01
-1.051270207852194050e-01
2.148729792147806017e-01
3.748729792147805773e-01
-2.512702078521939983e-02
-2.512702078521939983e-02
3.748729792147805773e-01
1.348729792147805862e-01
-3.451270207852193961e-01
-2.651270207852193805e-01
-2.651270207852193805e-01
3.748729792147805773e-01
-2.512702078521939983e-02
-1.851270207852193928e-01
-1.851270207852193928e-01
2.148729792147806017e-01
3.748729792147805773e-01
2.148729792147806017e-01
3.748729792147805773e-01
3.748729792147805773e-01
-1.851270207852193928e-01
-2.651270207852193805e-01
-1.851270207852193928e-01
5.487297921478059837e-02
-1.851270207852193928e-01
-2.512702078521939983e-02
-2.651270207852193805e-01
2.148729792147806017e-01
-2.512702078521939983e-02
-1.051270207852194050e-01
3.748729792147805773e-01
5.487297921478059837e-02
-2.512702078521939983e-02
-1.051270207852194050e-01
-1.851270207852193928e-01
1.348729792147805862e-01
-2.512702078521939983e-02
5.487297921478059837e-02
-2.651270207852193805e-01
5.487297921478059837e-02
4.548729792147805928e-01
4.548729792147805928e-01
-4.251270207852194116e-01
-2.512702078521939983e-02
-4.251270207852194116e-01
5.487297921478059837e-02
-2.512702078521939983e-02
-4.251270207852194116e-01
2.948729792147806172e-01
-2.651270207852193805e-01
2.148729792147806017e-01
-1.851270207852193928e-01
1.348729792147805862e-01
5.487297921478059837e-02
5.487297921478059837e-02
-4.251270207852194116e-01
1.348729792147805862e-01
-3.451270207852193961e-01
-4.251270207852194116e-01
-5.051270207852194272e-01
-5.051270207852194272e-01
5.487297921478059837e-02
-2.651270207852193805e-01
-1.851270207852193928e-01
-2.512702078521939983e-02
-2.651270207852193805e-01
-5.051270207852194272e-01
1.348729792147805862e-01
5.348729792147806084e-01
-2.512702078521939983e-02
-1.851270207852193928e-01
2.148729792147806017e-01
-2.512702078521939983e-02
2.948729792147806172e-01
-1.051270207852194050e-01
-2.651270207852193805e-01
-1.851270207852193928e-01
5.348729792147806084e-01
-2.651270207852193805e-01
2.948729792147806172e-01
-1.051270207852194050e-01
-1.051270207852194050e-01
2.148729792147806017e-01
5.487297921478059837e-02
-1.851270207852193928e-01
-1.851270207852193928e-01
6.148729792147805684e-01
-2.651270207852193805e-01
1.174872979214780511e+00
1.348729792147805862e-01
-5.051270207852194272e-01
-2.651270207852193805e-01
-1.051270207852194050e-01
6.948729792147806394e-01
5.487297921478059837e-02
2.148729792147806017e-01
-2.512702078521939983e-02
2.148729792147806017e-01
2.948729792147806172e-01
5.487297921478059837e-02
-1.851270207852193928e-01
-1.851270207852193928e-01
-2.651270207852193805e-01
-1.051270207852194050e-01
-1.051270207852194050e-01
6.948729792147806394e-01
-1.051270207852194050e-01
-1.051270207852194050e-01
2.948729792147806172e-01
2.148729792147806017e-01
3.748729792147805773e-01
-5.051270207852194272e-01
-3.451270207852193961e-01
-1.851270207852193928e-01
5.487297921478059837e-02
-2.651270207852193805e-01
1.348729792147805862e-01
-5.851270207852193872e-01
5.487297921478059837e-02
-4.251270207852194116e-01
-4.251270207852194116e-01
5.487297921478059837e-02
3.748729792147805773e-01
-4.251270207852194116e-01
-3.451270207852193961e-01
-2.512702078521939983e-02
1.348729792147805862e-01
-2.512702078521939983e-02
8.548729792147805595e-01
-1.851270207852193928e-01
-4.251270207852194116e-01
-4.251270207852194116e-01
-1.851270207852193928e-01
-4.251270207852194116e-01
-2.512702078521939983e-02
5.487297921478059837e-02
-4.251270207852194116e-01
-1.851270207852193928e-01
-2.651270207852193805e-01
2.148729792147806017e-01
1.348729792147805862e-01
5.487297921478059837e-02
-2.512702078521939983e-02
5.348729792147806084e-01
2.148729792147806017e-01
-2.512702078521939983e-02
2.948729792147806172e-01
2.948729792147806172e-01
-2.512702078521939983e-02
2.148729792147806017e-01
6.148729792147805684e-01
5.487297921478059837e-02
-4.251270207852194116e-01
-2.512702078521939983e-02
-1.051270207852194050e-01
-1.051270207852194050e-01
5.487297921478059837e-02
5.487297921478059837e-02
1.348729792147805862e-01
1.348729792147805862e-01
4.548729792147805928e-01
1.348729792147805862e-01
2.148729792147806017e-01
2.948729792147806172e-01
-2.512702078521939983e-02
-2.651270207852193805e-01
-2.512702078521939983e-02
-3.451270207852193961e-01
-1.851270207852193928e-01
-3.451270207852193961e-01
-1.851270207852193928e-01
5.487297921478059837e-02
3.748729792147805773e-01
-2.651270207852193805e-01
-3.451270207852193961e-01
-1.051270207852194050e-01
-2.651270207852193805e-01
1.348729792147805862e-01
3.748729792147805773e-01
-1.051270207852194050e-01
-1.051270207852194050e-01
-2.512702078521939983e-02
1.348729792147805862e-01
-1.851270207852193928e-01
-2.651270207852193805e-01
1.348729792147805862e-01
2.948729792147806172e-01
4.548729792147805928e-01
3.748729792147805773e-01
-2.512702078521939983e-02
9.348729792147806306e-01
-2.512702078521939983e-02
-2.651270207852193805e-01
4.548729792147805928e-01
5.348729792147806084e-01
-1.051270207852194050e-01
7.748729792147805995e-01
2.148729792147806017e-01
-1.851270207852193928e-01
-3.451270207852193961e-01
2.948729792147806172e-01
1.348729792147805862e-01
7.748729792147805995e-01
-2.651270207852193805e-01
5.487297921478059837e-02
5.487297921478059837e-02
-3.451270207852193961e-01
-3.451270207852193961e-01
-2.512702078521939983e-02
1.348729792147805862e-01
-5.851270207852193872e-01
-1.051270207852194050e-01
5.487297921478059837e-02
-2.651270207852193805e-01
-1.051270207852194050e-01
5.487297921478059837e-02
-4.251270207852194116e-01
-1.851270207852193928e-01
2.148729792147806017e-01
-1.851270207852193928e-01
3.748729792147805773e-01
5.487297921478059837e-02
3.748729792147805773e-01
-1.051270207852194050e-01
4.548729792147805928e-01
-1.851270207852193928e-01
-1.051270207852194050e-01
3.748729792147805773e-01
1.348729792147805862e-01
2.948729792147806172e-01
5.487297921478059837e-02
2.948729792147806172e-01
5.348729792147806084e-01
-1.851270207852193928e-01
4.548729792147805928e-01
2.148729792147806017e-01
2.948729792147806172e-01
1.348729792147805862e-01
5.487297921478059837e-02
7.748729792147805995e-01
5.487297921478059837e-02
5.487297921478059837e-02
-1.851270207852193928e-01
3.748729792147805773e-01
2.948729792147806172e-01
-1.051270207852194050e-01
1.348729792147805862e-01
-2.651270207852193805e-01
-1.051270207852194050e-01
-1.051270207852194050e-01
-1.051270207852194050e-01
-2.512702078521939983e-02
1.348729792147805862e-01
-2.651270207852193805e-01
2.148729792147806017e-01
1.348729792147805862e-01
-2.651270207852193805e-01
-4.251270207852194116e-01
6.148729792147805684e-01
2.948729792147806172e-01
-3.451270207852193961e-01
-1.051270207852194050e-01
-1.851270207852193928e-01
-3.451270207852193961e-01
2.948729792147806172e-01
-2.512702078521939983e-02
-1.851270207852193928e-01
-4.251270207852194116e-01
-1.851270207852193928e-01
-2.512702078521939983e-02
3.748729792147805773e-01
-4.251270207852194116e-01
5.487297921478059837e-02
-1.851270207852193928e-01
1.348729792147805862e-01
5.487297921478059837e-02
-1.051270207852194050e-01
-2.651270207852193805e-01
-2.651270207852193805e-01
-2.512702078521939983e-02
-2.512702078521939983e-02
