-314.476
-314.298
-312.988
-310.683
-310.972
-313.797
-322.925
-330.993
-316.372
-330.662
-318.67
-306.53
-296.859
-307.503
-305.182
-322.534
-312.611
-311.78
-323.091
-324.184
-317.688
-305.461
-313.29
-302.676
-329.938
-318.807
-307.283
-306.884
-303.826
-294.843
-297.324
-319.462
-311.231
-313.762
-317.4
-299.49
-297.418
-318.953
-290.011
-291.089
-299.779
-297.998
-292.214
-324.077
-324.782
-332.155
-311.235
-308.18
-314.128
-317.098
-307.892
-307.203
-316.424
-308.926
-305.133
-322.771
-314.678
-304.584
-314.543
-302.705
-305.417
-304.936
-309.023
-305.756
-292.088
-312.379
-330.761
-320.799
-322.265
-296.026
-318.641
-333.139
-331.11
-307.135
-306.415
-328.388
-314.393
-328.946
-324.817
-327.64
-325.734
-326.087
-328.172
-333.502
-326.928
-317.11
-317.997
-309.88
-321.767
-331.519
-317.736
-331.51
-329.698
-326.917
-327.653
-324.068
-321.167
-334.942
-343.884
-317.143
-305.758
-291.268
-296.318
-292.329
-283.371
-313.284
-321.049
-322.345
-327.944
-330.267
-331.87
-337.214
-318.498
-312.478
-309.653
-333.211
-325.139
-316.117
-331.777
-332.293
-322.319
-320.571
-316.33
-320.578
-338.049
-332.631
-329.824
-324.476
-332.902
-334.767
-319.004
-337.984
-330.504
-333.419
-333.492
-335.992
-301.6
-337.578
-340.127
-342.538
-343.755
-330.136
-308.287
-324.597
-326.312
-317.885
-319.853
-330.15
-313.856
-333.352
-326.265
-324.214
-335.825
-335.128
-330.99
-327.64
-326.79
-320.062
-318.982
-306.398
-329.082
-329.077
-321.724
-319.399
-332.622
-336.044
-328.127
-330.393
-307.006
-310.768
-322.815
-316.933
-329.462
-327.211
-320.322
-329.732
-333.707
-336.643
-331.769
-340.102
-344.562
-332.893
-329.572
-337.296
-328.216
-338.064
-320.905
-316.269
-317.984
-330.104
-330.746
-315.708
-307.938
-315.637
-326.733
-321.699
-330.856
-340.147
-325.054
-340.132
-344.757
-329.274
-311.688
-338.676
-335.712
-330.262
-322.235
-329.697
-320.685
-328.641
-323.26
-307.378
-321.846
-319.532
-321.871
-316.598
-334.663
-318.832
-332.017
-325.089
-334.603
-336.663
-336.571
-336.977
-315.469
-322.672
-319.56
-315.249
-320.202
-311.97
-325.899
-325.394
-323.274
-320.049
-340.366
-333.045
-336.453
-330.776
-318.609
-312.457
-327.849
-345.761
-330.085
-327.923
-321.022
-330.639
-339.21
-334.776
-340.315
-313.135
-328.357
-315.587
-325.493
-330.94
-327.115
-335.425
-313.178
-321.635
-323.52
-344.291
-333.031
-342.304
-333.165
-327.64
-340.295
-339.88
-341.151
-324.753
-333.777
-347.402
-323.741
-329.39
-321.747
-323.242
-309.303
-314.531
-324.035
-339.791
-349.463
-331.889
-330.572
-326.652
-333.137
-330.063
-326.474
-332.348
-327.255
-306.591
-325.352
-345.707
-335.252
-341.11
-341.459
-338.274
-334.238
-321.002
-342.201
-338.301
-340.834
-351.218
-318.558
-309.267
-314.919
-331.107
-310.597
-306.425
-316.244
-321.687
-316.283
-321.538
-299.236
-326.381
-314.726
-313.525
-316.195
-316.644
-322.245
-308.841
-290.57
-291.8
-312.07
-317.962
-324.468
-312.709
-309.923
-317.077
-318.788
-321.443
-325.755
-335.88
-310.033
-332.159
-335.23
-325.081
-318.599
-335.029
-316.863
-333.23
-322.088
-310.567
-305.354
-320.753
-334.34
-311.562
-318.762
-322.005
-331.583
-336.267
-318.259
-315.413
-328.139
-323.513
-333.148
-325.37
-328.222
-316.78
-320.856
-326.675
-333.779
-333.543
-332.939
-317.479
-325.295
-319.773
-321.149
-318.915
-316.378
-317.009
-313.452
-328.555
-333.35
-338.094
-324.598
-327.843
-327.862
-324.907
-308.244
-290.291
-309.338
-324.29
-315.8
-318.032
-321.098
-325.654
-345.261
-341.362
-341.56
-334.301
-320.154
-322.729
-306.398
-324.813
-330.721
-327.182
-331.794
-323.306
-313.011
-312.937
-324.028
-312.879
-298.997
-297.865
-301.235
-294.35
-306.152
-296.943
-296.287
-288.562
-296.436
-300.482
-302.813
-317.189
-325.576
-304.644
-305.383
-316.28
-296.223
-289.993
-309.187
-307.332
-310.619
-300.644
-288.511
-301.409
-314.035
-305.307
-314.458
-310.864
-319.831
-306.879
-306.178
-291.839
-292.021
-307.846
-301.322
-290.88
-295.097
-299.696
-320.015
-309.749
-321.203
-308.847
-306.429
-312.666
-306.668
-298.735
-303.5
-313.371
-309.601
-300.66
-314.889
-311.076
-308.006
-306.147
-308.082
-297.821
-297.848
-294.9
-300.877
-301.632
-317.807
-304.557
-317.985
-329.48
-334.433
-316.158
-300.552
-313.354
-330.919
-320.687
-333.738
-300.903
-306.687
-314.894
-312.599
-317.435
-329.009
-331.487
-327.288
-311.443
-320.991
-323.674
-329.531
-332.64
-327.285
-341.47
-325.35
-309.631
-325.392
-327.535
-313.874
-312.756
-322.621
-320.274
-338.906
-315.542
-310.94
-324.979
-337.123
-358.37
-337.963
-322.776
-327.154
-332.641
-330.823
-318.951
-318.831
-334.911
-301.514
-317.323
-313.703
-339.201
-340.694
-329.611
-328.39
-311.092
-314.504
-323.249
-310.578
-329.213
-327.588
-330.366
-328.818
-337.323
-314.713
-324.25
-317.102
-324.421
-329.047
-325.107
-311.219
-320.222
-318.671
-314.181
-322.216
-317
-304.79
-318.339
-301.284
-313.996
-324.066
-320.555
-328.105
-336.181
-322.98
-326.013
-320.652
-326.236
-332.381
-341.275
-333.244
-329.516
-327.672
-327.418
-309.126
-312.312
-344.406
-345.197
-330.476
-317.744
-315.433
-316.242
-315.427
-322.641
-326.68
-322.763
-331.575
-324.532
-338.527
-333.392
-334.026
-332.833
-344.009
-327.989
-339.967
-341.355
-321.6
-323.237
-332.845
-335.296
-336.971
-314.841
-329.984
-316.258
-314.782
-329.679
-321.801
-313.986
-333.995
-333.596
-335.742
-339.713
-316.436
-326.951
-340.097
-324.733
-327.393
-331.407
-336.575
-342.577
-317.749
-308.677
-296.471
-292.703
-289.999
-305.446
-296.784
-285.726
-288.607
-295.528
-299.708
-307.481
-299.275
-312.405
-300.777
-320.103
-328.471
-298.774
-306.165
-327.02
-319.414
-321.468
-320.724
-320.626
-335.185
-337.139
-327.96
-320.969
-325.367
-329.974
-325.12
-346.536
-343.297
-349.396
-321.192
-321.175
-331.076
-330.26
-331.328
-327.937
-335.22
-317.003
-322.47
-341.051
-338.547
-327.269
-337.837
-331.51
-340.624
-321.634
-325.635
-337.796
-328.675
-337.79
-330.477
-332.957
-333.88
-321.976
-345.776
-348.764
-341.57
-347.605
-347.113
-344.712
-331.833
-337.744
-343.373
-352.666
-332.216
-340.518
-345.368
-334.785
-328.576
-340.345
-330.106
-328.118
-346.563
-343.235
-327.794
-316.189
-328.093
-316.398
-338.461
-343.313
-340.505
-340.721
-336.458
-321.748
-314.127
-327.318
-349.119
-341.42
-335.204
-335.329
-339.266
-336.624
-329.801
-351.266
-330.849
-326.69
-264.931
-295.937
-307.641
-305.957
-293.958
-307.164
-292.578
-305.112
-318.764
-304.05
-307.481
-310.5
-324.762
-329.339
-330.7
-334.792
-331.348
-321.369
-332.24
-341.38
-315.969
-317.365
-310.889
-316.619
-333.842
-325.899
-320.677
-325.788
-322.29
-322.01
-318.433
-315.66
-314.429
-309.867
-311.364
-312.343
-301.349
-309.033
-322.681
-328.427
-328.548
-324.452
-322.048
-313.414
-323.757
-300.477
-311.453
-309.568
-315.021
-313.65
-313.548
-316.073
-304.517
-318.242
-335.766
-324.075
-307.854
-305.452
-310.835
-314.332
-317.949
-326.132
-323.662
-317.983
-324.981
-336.702
-341.739
-327.317
-312.766
-298.832
-303.692
-316.996
-316.43
-322.489
-311.028
-317.845
-314.434
-316.609
-311.412
-301.066
-300.7
-313.251
-320.69
-322.206
-312.692
-325.725
-319.569
-315.549
-324.177
-317.421
-292.33
-291.539
-300.282
-300.612
-299.065
-294.672
-321.062
-305.529
-318.09
-332.542
-304.003
-324.242
-340.732
-327.766
-331.099
-333.139
-329.963
-312.147
-315.349
-317.481
-294.878
-311.631
-306.843
-321.341
-308.861
-307.423
-317.289
-328.483
-325.849
-333.33
-318.538
-329.971
-332.528
-320.936
-312.142
-320.211
-298.789
-314.95
-320.29
-341.638
-318.822
-325.714
-332.528
-334.437
-337.025
-334.403
-334.553
-320.128
-332.144
-318.895
-314.412
-328.538
-324.802
-315.186
-332.884
-333.595
-330.524
-322.441
-344.134
-324.458
-331.385
-335.113
-336.225
-330.071
-316.667
-327.903
-341.074
-342.299
-332.132
-327.244
-338.313
-331.705
-317.413
-321.565
-322.457
-321.083
-322.917
-340.658
-349.66
-348.047
-350.789
-334.753
-333.923
-337.749
-328.094
-333.27
-327.116
-331.314
-339.586
-331.63
-317.47
-332.489
-325.694
-323.145
-323.25
-316.523
-322.64
-312.821
-334.31
-325.004
-330.965
-333.369
-316.643
-322.261
-328.059
-341.893
-349.511
-341.628
-356.106
-330.282
-286.982
-297.054
-309.422
-288.965
-303.101
-306.568
-317.372
-329.111
-341.554
-323.307
-323.685
-311.502
-315.285
-312.494
-324.354
-327.567
-319.017
-331.146
-309.913
-323.933
-311.766
-330.02
-319.228
-333.423
-340.601
-336.576
-331.365
-330.598
-321.829
-344.315
-335.763
-315.323
-343.482
-337.422
-350.342
-345.417
-330.553
-332.129
-340.63
-343.556
-353.395
-334.532
-309.226
-333.543
-349.961
-330.193
-320.629
-334.29
-351.334
-336.318
-332.137
-326.045
-331.129
-317.954
-339.42
-338.846
-353.097
-321.333
-299.781
-322.255
-331.749
-326.914
-348.373
-330.875
-332.278
-330.61
-336.914
-349.275
-333.639
-322.856
-326.249
-351.326
-349.013
-348.468
-345.125
-340.853
-339.289
-339.032
-337.977
-324.092
-327.752
-341.441
-344.158
-334.604
-342.821
-338.067
-345.004
-349.73
-349.796
-343.895
-325.686
-340.475
-343.134
-323.648
-321.612
-328.068
-325.362
-339.754
-333.987
-317.379
-319.754
-317.055
-315.118
-301.284
-305.591
-325.921
-312.498
-323.216
-330.028
-319.826
-327.754
-335.929
-326.278
-305.372
-317.954
-334.342
-329.859
-326.602
-325.352
-320.687
-337.899
-336.689
-331.905
-326.473
-323.458
-323.774
-320.879
-320.512
-318.238
-309.201
-323.568
-328.737
-330.595
-323.271
-305.347
-326.669
-326.461
-324.565
-348.265
-338.371
-331.913
-318.426
-323.341
-321.044
-334.917
-324.11
-318.792
-321.916
-331.153
-322.177
-327.837
-333.619
-336.086
-337.113
-337.444
-336.597
-331.373
-335.027
-329.798
-319.327
-334.654
-318.662
-317.533
-325.841
-325.96
-344.993
-325.892
-333.942
-334.996
-340.396
-328.914
-341.096
-328.308
-330.505
-323.172
-333.33
-333.522
-345.817
-325.657
-323.611
-326.995
-327.187
-336.556
-331.625
-332.045
-335.742
-339.41
-344.082
-321.476
-323.581
-331.422
-332.369
-350.961
-354.345
-343.673
-341.11
-346.976
-337.251
-333.094
-332.307
-287.842
-298.941
-306.338
-304.562
-311.065
-307.728
-294.882
-306.073
-293.168
-300.797
-306.142
-301.08
-294.205
-298.404
-289.818
-304.709
-296.575
-305.638
-325.958
-314.65
-312.47
-302.779
-295.979
-305.939
-314.217
-326.573
-326.508
-303.689
-295.875
-302.78
-320.635
-312.094
-322.446
-308.866
-321.759
-311.57
-310.403
-307.104
-296.279
-310.064
-317.952
-311.366
-320.681
-293.472
-302.182
-299.365
-304.142
-308.871
-306.726
-308.107
-306.759
-312.859
-304.853
-291.722
-315.748
-306.504
-316.707
-314.636
-302.767
-302.835
-299.69
-313.873
-310.918
-308.575
-316.909
-316.042
-331.281
-314.923
-320.952
-321.869
-300.439
-312.367
-325.054
-313.208
-307.488
-300.762
-301.103
-312.527
-315.44
-310.621
-300.357
-309.323
-304.848
-311.95
-310.225
-326.74
-310.462
-304.645
-295.694
-300.687
-319.084
-330.138
-341.751
-337.22
-328.11
-331.468
-334.707
-334.862
-336.068
-342.258
-335.604
-318.878
-313.804
-321.028
-323.482
-318.922
-322.359
-331.592
-340.87
-326.546
-319.799
-321.103
-344.688
-338.758
-336.626
-321.911
-312.587
-315.552
-339.224
-327.65
-334.305
-335.68
-336.354
-328.462
-309.378
-326.799
-337.887
-336.16
-317.793
-319.988
-324.268
-339.82
-318.591
-321.619
-321.006
-349.433
-328.292
-335.549
-309.559
-304.804
-310.3
-306.646
-314.69
-335.125
-315.575
-338.378
-319.666
-332.488
-320.169
-315.423
-316.337
-319.379
-303.84
-328.219
-325.771
-340.376
-330.133
-330.129
-328.875
-321.702
-329.569
-334.177
-319.046
-319.962
-324.89
-326.168
-325.085
-308.799
-330.802
-331.966
-332.144
-338.809
-313.179
-319.281
-327.186
-304.672
-296.089
-337.048
-325.555
-323.879
-337.437
-324.339
-324.089
-331.56
-318.833
-319.165
-299.917
-336.993
-334.982
-327.577
-328.227
-324.691
-327.873
-330.71
-325.37
-329.173
-322.515
-313.07
-323.968
-323.758
-333.603
-327.647
-324.399
-328.666
-314.869
-300.859
-320.768
-314.735
-316.945
-319.85
-319.133
-340.734
-342.25
-330.15
-321.439
-305.255
-301.117
-325.86
-335.135
-329.888
-316.789
-304.997
-334.231
-330.207
-326.602
-331.666
-318.27
-323.624
-316.739
-326.549
-324.153
-307.903
-304.833
-307.443
-315.57
-321.713
-316.834
-333.304
-332.298
-320.176
-323.627
-311.957
-312.738
-299.398
-335.999
-332.468
-315.598
-325.58
-322.746
-312.75
-320.094
-317.541
-329.362
-325.386
-326.026
-311.668
-322.943
-335.086
-335.836
-333.434
-324.434
-318.219
-315.633
-305.538
-319.739
-329.705
-322.793
-317.395
-323.387
-328.494
-335.43
-327.095
-320.253
-333.581
-323.242
-313.483
-315.702
-320.479
-320.338
-323.099
-332.525
-323.768
-319.897
-338.547
-329.341
-326.871
-313.729
-319.45
-331.15
-319.76
-306.246
-315.88
-325.746
-326.392
-313.079
-324.087
-339.059
-331.183
-320.644
-304.98
-252.063
-279.278
-286.687
-295.739
-285.544
-300.877
-296.872
-304.799
-282.033
-302.884
-322.694
-327.854
-325.288
-301.798
-308.766
-305.685
-298.503
-314.471
-304.428
-312.598
-326.044
-319.072
-322.225
-323.697
-307.4
-306.438
-320.814
-319.236
-311.592
-316.864
-312.147
-309.591
-312.32
-314.037
-328.54
-319.401
-328.031
-322.012
-317.85
-313.299
-316.083
-307.057
-306.288
-301.346
-322.428
-319.217
-315.269
-301.298
-300.625
-297.254
-299.792
-306.369
-313.376
-316.733
-321.671
-317.395
-306.884
-312.241
-305.546
-315.13
-307.169
-294.167
-312.736
-312.813
-309.871
-305.613
-312.292
-312.259
-320.304
-317.025
-327.483
-317.89
-298.726
-306.935
-308.137
-319.191
-302.984
-310.627
-327.308
-317.905
-316.222
-315.291
-304.185
-312.084
-309.938
-314.493
-301.213
-318.271
-314.975
-319.221
-334.674
-320.367
-306.223
-328.293
-313.851
-319.837
-311.304
-321.042
-328.221
-337.027
-263.717
-273.505
-280.29
-285.598
-292.779
-287.832
-292.052
-322.521
-329.079
-296.194
-298.429
-295.801
-286.82
-295.162
-298.102
-301.355
-288.315
-296.931
-296.534
-278.407
-290.179
-288.466
-301.764
-303.435
-291.319
-284.783
-298.343
-300.949
-297.787
-298.433
-313.514
-300.836
-301.034
-309.709
-299.072
-294.541
-305.335
-307.321
-317.041
-296.685
-298.146
-296.32
-303.172
-290.728
-298.789
-291.39
-315.373
-312.481
-312.044
-308.726
-307.346
-312.883
-306.659
-298.363
-300.763
-307.196
-326.667
-329.541
-327.402
-322.1
-309.018
-320.938
-321.436
-320.664
-305.886
-298.091
-309.61
-304.152
-314.265
-316
-318.015
-306.79
-302.588
-319.084
-315.05
-300.885
-308.12
-317.712
-317.943
-304.872
-308.098
-312.337
-315.996
-323.999
-317.548
-311.484
-309.162
-314.906
-314.147
-292.093
-291.056
-300.305
-309.093
-291.917
-317.941
-300.996
-302.974
-312.165
-315.193
-315.565
-294.129
-273.587
-281.896
-282.305
-288.767
-283.967
-302.714
-297.757
-296.45
-294.525
-302.468
-283.335
-294.062
-305.449
-298.369
-298.168
-298.07
-311.423
-302.477
-319.848
-325.986
-330.867
-317.026
-305.811
-297.548
-301.79
-313.594
-316.948
-312.01
-301.821
-301.499
-295.254
-290.951
-304.284
-311.55
-297.771
-304.669
-311.5
-329.536
-329.74
-321.37
-322.477
-322.504
-327.752
-336.327
-322.953
-310.383
-324.578
-314.326
-333.717
-344.133
-337.612
-338.636
-329.532
-332.187
-320.993
-325.631
-318.694
-305.413
-323.736
-332.319
-335.063
-309.386
-332.714
-325.542
-319.825
-326.617
-324.742
-334.435
-325.579
-322.579
-322.794
-322.254
-328.365
-332.097
-330.455
-323.051
-339.258
-351.227
-330.574
-334.307
-325.257
-311.154
-325.695
-319.005
-333.847
-316.162
-326.088
-317.52
-318.183
-314.758
-314.289
-331.13
-334.783
-321.16
-327.66
-310.673
-322.707
-341.449
-328.226
-297.867
-310.761
-292.114
-293.24
-290.979
-305.77
-306.484
-295.68
-296.83
-280.02
-291.664
-296.135
-307.645
-308.185
-293.715
-304.363
-310.867
-309.585
-313.997
-302.059
-303.717
-309.386
-311.795
-310.157
-308.234
-293.653
-312.549
-304.206
-317.444
-316.517
-304.553
-305.111
-308.898
-320
-314.294
-322.118
-307.849
-305.829
-298.68
-304.634
-299.415
-312.982
-331.15
-326.826
-325.328
-321.016
-324.791
-342.731
-334.357
-327.273
-308.716
-321.535
-320.478
-318.481
-341.794
-333.167
-323.15
-321.251
-330.906
-334.553
-316.545
-312.984
-324.347
-306.133
-319.022
-326.754
-325.053
-304.873
-317.981
-318.167
-323.386
-317.869
-331.632
-325.107
-306.893
-310.327
-322.374
-328.568
-324.877
-339.622
-322.37
-334.183
-325.731
-335.374
-340.34
-320.109
-328.541
-325.67
-333.65
-333.029
-321.018
-327.603
-317.799
-325.742
-321.401
-330.008
-312.437
-328.636
-336.36
-343.093
-335.556
-331.704
-313.162
-349.133
-351.142
-325.951
-323.823
-327.861
-317.802
-328.079
-312.678
-330.374
-328.044
-324.681
-324.049
-331.128
-348.996
-335.077
-339.242
-327.758
-327.978
-322.026
-344.391
-337.868
-327.072
-323.864
-329.388
-329.967
-338.486
-327.868
-328.172
-330.365
-333.333
-331.846
-341.65
-351.575
-334.478
-335.877
-343.475
-347.636
-334.184
-318.017
-324.997
-329.901
-328.408
-324.167
-322.479
-328.863
-331.831
-325.038
-311.674
-327.528
-326.901
-337.763
-320.323
-335.393
-325.676
-345.563
-335.008
-335.809
-328.603
-315.207
-315.432
-327.873
-312.395
-314.531
-330.518
-330.719
-321.888
-323.597
-328.255
-318.696
-332.582
-333.148
-315.958
-326.087
-342.53
-339.58
-335.267
-339.567
-343.535
-340.822
-347.515
-345.828
-327.388
-331.053
-334.896
-347.237
-331.386
-324.75
-327.818
-326.175
-312.153
-330.964
-336.839
-335.234
-330.153
-340.104
-339.602
-322.911
-281.669
-282.01
-287.043
-277.019
-274.881
-287.01
-284.652
-292.977
-296.668
-299.898
-307.063
-295.836
-280.195
-291.123
-292.8
-312.143
-314.174
-305.75
-307.314
-302.516
-311.968
-310.654
-295.284
-306.581
-308.606
-299.806
-296.364
-308.607
-293.142
-286.609
-317.418
-315.201
-298.997
-318.196
-316.996
-313.779
-291.892
-300.154
-303.619
-301.669
-320.54
-317.658
-306.218
-309.336
-303.062
-307.081
-313.827
-310.252
-304.369
-301.291
-305.467
-322.414
-325.498
-323.631
-326.76
-319.039
-324.909
-316.435
-309.861
-321.352
-318.696
-319.602
-303.776
-317.123
-316.495
-315.063
-300.196
-313.716
-325.926
-324.475
-323.76
-312.625
-325.027
-320.624
-322.141
-318.349
-338.928
-325.366
-318.311
-317.29
-311.542
-297.863
-319.497
-322.995
-326.753
-321.5
-321.007
-320.383
-310.179
-309.349
-321.041
-328.561
-330.916
-335.593
-313.988
-319.906
-314.983
-304.533
-325.779
-304.649
-301.163
-294.027
-290.695
-296.152
-285.64
-285.458
-294.943
-290.51
-300.008
-291.106
-287.11
-281.624
-287.444
-295.337
-300.249
-292.659
-287.834
-300.035
-301.854
-292.73
-291.991
-283.881
-289.634
-292.585
-309.245
-293.451
-285.048
-279.367
-302.743
-296.483
-292.819
-304.063
-288.948
-303.352
-291.925
-285.473
-295.298
-317.15
-314.645
-318.856
-301.581
-307.593
-317.888
-303.086
-313.832
-307.659
-291.4
-292.967
-307.013
-313.274
-300.316
-303.667
-329.195
-312.262
-303.783
-307.04
-295.89
-309.405
-328.115
-309.096
-322.713
-324.989
-300.641
-318.966
-305.634
-310.881
-317.99
-314.278
-298.103
-298.246
-300.822
-315.653
-325.018
-300.717
-325.394
-333.667
-335.352
-315.967
-321.071
-320.456
-322.639
-311.101
-321.842
-331.735
-318.401
-316.176
-325.234
-321.096
-329.958
-344.174
-325.151
-329.127
-322.724
-330.717
-331.884
-329.638
-339.602
-318.144
-317.543
-325.568
-277.97
-268.066
-271.069
-273.084
-278.026
-267.781
-279.63
-282.394
-286.572
-293.072
-308.075
-305.582
-305.084
-296.654
-290.8
-281.234
-273.709
-282.875
-290.574
-300.216
-299.887
-305.663
-303.592
-302.16
-282.135
-292.12
-294.284
-304.941
-319.212
-309.348
-308.187
-295.3
-276.526
-290.113
-288.697
-292.709
-284.483
-293.943
-302.334
-299.306
-298.263
-297.79
-299.423
-305.949
-306.27
-301.644
-302.903
-302.841
-288.095
-306.979
-288.361
-285.27
-288.259
-279.605
-290.517
-301.909
-292.798
-308.181
-302.305
-291.36
-299.068
-314.892
-311.03
-302.554
-297.731
-299.264
-283.914
-292.134
-300.151
-310.403
-304.558
-290.716
-298.506
-308.484
-315.458
-300.031
-304.028
-293.369
-291.595
-294.532
-313.57
-320.685
-309.21
-304.77
-312.071
-292.635
-304.02
-307.862
-315.63
-318.545
-312.595
-332.078
-309.216
-293.738
-297.082
-306.571
-306.517
-313.127
-327.353
-321.652
-284.995
-297.585
-292.78
-289.479
-297.465
-286.732
-305.96
-300.752
-299.833
-308.402
-293.31
-282.585
-283.15
-287.119
-294.241
-295.043
-286.658
-286.41
-288.147
-297.175
-291.416
-304.187
-309.11
-314.153
-311.368
-301.044
-293.041
-294.755
-306.593
-305.65
-303.339
-301.507
-305.902
-321.602
-304.935
-296.083
-306.285
-306.533
-310.23
-311.194
-306.833
-299.542
-297.443
-279.109
-294.404
-292.734
-298.451
-324.443
-325.675
-305.198
-305.261
-321.851
-330.359
-307.539
-317.901
-296.659
-310.87
-300.827
-313.85
-302.504
-305.094
-307.771
-299.902
-305.075
-309.862
-301.271
-299.068
-293.062
-310.819
-300.094
-286.843
-289.701
-303.879
-305.637
-300.461
-298.298
-297.963
-298.395
-305.024
-306.102
-302.623
-300.406
-288.423
-289.484
-284.699
-296.31
-305.517
-306.096
-301.833
-300.629
-309.223
-288.909
-307.599
-285.713
-296.172
-316.397
-317.197
-308.723
-284.805
-312.441
-267.704
-265.09
-279.453
-295.56
-295.041
-286.058
-303.171
-292.296
-298.061
-294.999
-300.856
-309.411
-303.812
-294.163
-304.214
-299.589
-299.944
-301.325
-304.61
-295.911
-290.909
-305.366
-297.018
-307.807
-302.155
-296.319
-314.483
-298.183
-300.564
-309.733
-301.22
-299.91
-306.274
-300.778
-316.85
-324.392
-315.669
-310.782
-326.196
-311.02
-314.104
-315.928
-309.432
-299.585
-312.872
-309.672
-291.756
-294.064
-306.047
-308.024
-299.12
-295.068
-296.363
-307.959
-307.055
-306.356
-312.004
-310.146
-311.91
-314.708
-303.707
-318.029
-298.704
-309.673
-313.919
-313.497
-324.669
-326.225
-315.588
-307.217
-305.493
-292.006
-311.875
-310.196
-320.112
-311.017
-307.423
-297.307
-314.44
-299.555
-321.514
-298.115
-293.976
-312.886
-312.596
-308.165
-306.849
-310.9
-309.952
-330.688
-312.111
-301.498
-301.565
-305.181
-308.566
-310.245
-320.773
-312.689
-292.284
-301.74
-294.966
-293.767
-291.432
-294.382
-312.097
-302.758
-310.702
-322.512
-330.088
-304.471
-332.245
-310.09
-316.799
-325.564
-330.942
-315.444
-326.098
-335.094
-318.498
-324.618
-314.377
-317.482
-319.012
-316.975
-333.159
-317.499
-302.266
-309.872
-331.378
-324.439
-318.469
-308.138
-317.852
-320.221
-318.648
-325.229
-323.7
-312.67
-317.146
-322.842
-312.815
-314.617
-337.883
-316.858
-320.855
-320.451
-320.993
-313.912
-321.068
-325.999
-326.924
-321.063
-317.923
-329.12
-327.366
-320.965
-323.402
-319.671
-327.343
-324.944
-340.307
-333.018
-335.857
-330.337
-314.655
-342.465
-326.365
-315.104
-321.445
-334.054
-334.28
-315.506
-320.266
-319.46
-333.029
-354.188
-330.5
-327.269
-334.382
-338.208
-333.525
-335.996
-328.745
-321.276
-316.205
-324.215
-323.199
-333.479
-329.92
-324.009
-325.287
-328.8
-334.275
-337.937
-333.926
-324.413
-311.111
-324.363
-335.47
-330.86
-332.974
-334.946
-345.786
-328.894
-319.044
-321.129
-314.582
-307.838
-308.456
-314.928
-320.183
-321.514
-353.55
-345.035
-308.828
-315.922
-314.27
-320.172
-314.204
-334.996
-333.849
-334.509
-319.071
-313.137
-321.743
-334.216
-319.391
-329.37
-328.874
-318.182
-331.422
-331.803
-350.585
-331.909
-331.909
-334.148
-320.77
-308.114
-320.9
-305.497
-318.5
-318.019
-317.496
-319.575
-328.035
-323.427
-327.862
-344.148
-324.643
-321.751
-310.532
-330.994
-330.518
-333.366
-334.174
-314.168
-327.602
-322.208
-317.34
-332.267
-331.77
-328.368
-311.091
-326.214
-327.741
-326.037
-308.615
-319.628
-316.489
-331.231
-339.798
-325.292
-328.617
-319.467
-320.8
-309.42
-322.626
-321.367
-313.779
-310.644
-313.784
-322.261
-318.073
-311.529
-304.671
-320.627
-317.226
-339.539
-322.574
-333.146
-326.992
-310.319
-304.428
-311.205
-318.424
-313.141
-289.255
-310.922
-317.008
-324.239
-295.762
-277.034
-273.019
-288.065
-296.092
-287.176
-290.652
-299.234
-315.343
-307.322
-305.078
-285.001
-283.516
-311.25
-284.429
-305.892
-308.446
-308.768
-298.017
-293.766
-317.142
-306.324
-300.657
-305.49
-317.41
-298.276
-304.717
-313.266
-304.355
-290.144
-294.499
-292.57
-299.916
-301.155
-294.562
-308.097
-313.59
-317.566
-319.537
-310.143
-296.362
-298.652
-316.01
-307.856
-299.906
-312.53
-315.159
-312.141
-321.671
-317.453
-322.843
-303.64
-290.602
-301.361
-310.579
-293.703
-284.548
-290.829
-315.389
-325.892
-315.143
-301.491
-290.995
-296.941
-299.45
-305.828
-297.769
-306.153
-307.914
-311.665
-310.182
-319.796
-306.662
-314.723
-293.795
-315.449
-295.172
-307.815
-312.803
-301.517
-316.933
-295.248
-298.835
-307.071
-312.335
-299.811
-326.023
-314.535
-328.998
-306.545
-312.194
-305.001
-322.008
-316.098
-315.167
-291.255
-308.978
-312.774
-299.86
-321.049
-310.478
-305.007
-312.224
-303.014
-297.998
-283.876
-312.105
-312.282
-300.125
-307.752
-313.469
-323.926
-328.928
-324.844
-334.368
-320.527
-335.151
-346.524
-343.385
-354.738
-331.72
-348.26
-342.835
-343.765
-330.557
-335.303
-351.288
-339.5
-331.657
-334.597
-340.368
-334.451
-317.51
-325.61
-328.342
-332.328
-319.536
-326.92
-325.542
-341.741
-333.2
-324.468
-337.778
-347.401
-359.207
-346.245
-325.774
-332.713
-352.162
-339.86
-345.314
-326.932
-333.572
-339.62
-320.452
-348.271
-352.27
-334.807
-337.428
-333.659
-342.985
-351.205
-324.986
-326.35
-332.976
-334.36
-326.887
-329.876
-334.364
-332.611
-335.005
-336.969
-334.436
-314.772
-329.768
-329.432
-324.897
-344.958
-342.48
-348.252
-343.085
-343.502
-342.084
-338.473
-325.769
-335.339
-327.331
-330.651
-329.856
-347.157
-332.381
-342.059
-337.793
-334.926
-331.367
-335.913
-339.531
-328.162
-351.755
-359.066
-302.38
-311.3
-311.257
-301.609
-303.653
-314.303
-309.538
-313.044
-321.973
-309.676
-321.759
-316.887
-327.669
-323.799
-322.181
-319.467
-312.984
-312.817
-313.406
-318.814
-326.79
-321.508
-317.567
-315.874
-320.323
-324.303
-328.228
-314.049
-317.861
-312.043
-316.35
-311.51
-321.937
-319.152
-301.193
-301.884
-320.735
-314.023
-336.081
-323.57
-307.98
-329.52
-329.162
-324.833
-324.67
-321.314
-298.463
-318.123
-330.335
-319.356
-320.249
-329.11
-316.893
-319.235
-315.579
-316.364
-321.223
-323.321
-318.04
-328.924
-330.649
-326.552
-312.951
-307.14
-302.191
-310.616
-318.919
-298.416
-333.046
-319.582
-320.023
-333.128
-328.15
-316.492
-319.358
-336.032
-317.705
-311.307
-328.607
-316.826
-317.888
-316.244
-325.652
-325.186
-310.744
-299.606
-318.413
-318.156
-319.603
-321.335
-316.225
-318.979
-313.677
-323.213
-322.662
-310.192
-310.38
-316.75
-329.515
-340.867
-307.558
-301.292
-298.208
-311.849
-312.052
-315.519
-308.517
-311.535
-302.852
-314.237
-321.146
-326.169
-331.193
-306.4
-321.331
-307.04
-323.502
-316.945
-331.872
-324.061
-322.905
-323.295
-320.762
-327.328
-303.161
-308.328
-317.109
-318.605
-314.602
-307.507
-323.786
-319.793
-328.421
-322.448
-311.121
-304.735
-308.777
-337.859
-306.485
-306.511
-320.135
-314.384
-318.969
-299.313
-322.289
-317.914
-311.181
-311.006
-318.866
-315.213
-314.395
-306.97
-307.816
-310.189
-306.667
-326.255
-319.472
-314.727
-306.301
-319.231
-319.234
-307.074
-309.171
-309.3
-310.94
-334.18
-315.543
-321.578
-317.864
-310.867
-326.31
-319.183
-316.456
-318.628
-316.431
-305.291
-332.191
-319.935
-306.372
-308.548
-319.627
-315.373
-296.455
-298.435
-294.969
-289.263
-305.203
-325.309
-317.329
-309.18
-321.304
-317.569
-332.348
-321.263
-326.311
-325.218
-306.287
-317.681
-327.301
-299.086
-285.661
-292.328
-285.885
-288.961
-275.323
-297.462
-299.519
-298.167
-312.11
-314.962
-306.505
-317.752
-306.888
-310.012
-280.337
-303.09
-308.373
-310.666
-306.843
-304.07
-291.835
-297.395
-301.655
-304.784
-310.779
-301.92
-291.186
-289.721
-301.838
-297.928
-312.584
-318.651
-318.037
-316.639
-317.47
-306.786
-319.886
-301.65
-321.119
-325.4
-322.519
-325.666
-326.947
-323.238
-316.124
-307.758
-323.433
-316.992
-318.564
-317.447
-321.047
-332.193
-312.126
-314.635
-319.635
-318.789
-323.519
-300.105
-327.126
-330.224
-318.129
-325.719
-329.925
-327.511
-317.688
-318.921
-328.65
-304.418
-303.14
-316.475
-318.861
-328.045
-332.613
-332.49
-313.783
-318.069
-307.481
-326.492
-328.67
-321.249
-319.213
-308.441
-317.651
-317.467
-326.893
-331.42
-313.433
-316.109
-336.234
-326.576
-324.311
-318.929
-323.146
-320.343
-314.159
-315.789
-309.975
-312.245
-298.763
-307.766
-286.646
-283.348
-281.516
-273.541
-288.046
-298.606
-303.593
-312.479
-312.61
-302.639
-309.363
-301.037
-305.447
-326.722
-326.425
-317.008
-305.99
-320.383
-324.649
-313.357
-309.993
-309.24
-299.168
-323.981
-323.79
-338.61
-303.544
-323.59
-313.109
-314.246
-295.966
-296.097
-288.079
-304.028
-319.89
-322.874
-320.823
-309.26
-326.058
-323.175
-329.354
-313.668
-291.52
-312.683
-312
-302.209
-305.233
-317.784
-315.968
-320.506
-314.919
-306.122
-309.211
-293.786
-313.474
-307.081
-313.438
-313.773
-294.345
-297.367
-303.395
-333.883
-309.017
-296.988
-313.545
-317.653
-315.375
-320.062
-313.509
-309.375
-320.329
-308.945
-320.592
-309.826
-333.418
-321.503
-305.597
-316.148
-317.056
-314.046
-320.977
-321.46
-323.148
-309.753
-313.8
-314.252
-305.267
-328.898
-327.449
-317.963
-310.155
-308.216
-310.683
-315.701
-314.455
-301.548
-305.703
-328.95
-306.432
-315.096
-285.212
-285.11
-273.086
-279.876
-285.246
-281.127
-309.547
-292.072
-319.458
-311.721
-311.039
-297.336
-315.913
-328.167
-318.808
-337.348
-309.199
-310.002
-317.967
-317.892
-333.286
-337.93
-329.978
-325.251
-316.214
-319.512
-312.24
-313.78
-318.452
-313.783
-322.761
-321.251
-325.704
-316.841
-315.581
-317.514
-331.385
-323.178
-331.433
-328.89
-331.412
-325.031
-306.558
-312.729
-308.201
-309.039
-323.898
-334.586
-316.28
-312.865
-305.553
-308.516
-324.409
-318.958
-315.22
-317.453
-320.961
-329.093
-310.916
-311.888
-336.601
-342.488
-338.981
-329.173
-321.085
-321.784
-319.683
-313.34
-319.224
-322.266
-315.562
-332.752
-319.531
-299.892
-328.53
-319.098
-306.698
-312.911
-330.022
-313.69
-319.905
-329.208
-326.739
-318.701
-319.471
-331.338
-321.005
-315.517
-327.672
-312.817
-313.273
-322.535
-318.665
-312.669
-313.409
-324.371
-307.072
-327.592
-328.739
-317.581
-309.039
-310.859
-307.622
-310.818
-291.647
-294.607
-278.989
-291.649
-310.591
-325.578
-307.994
-311.042
-299.565
-300.683
-318.238
-306.412
-308.105
-299.286
-307.224
-308.909
-312.128
-300.248
-298.931
-282.634
-317.054
-300.991
-281.355
-301.586
-321.735
-302.899
-302.613
-295.09
-291.224
-297.765
-319.117
-319.824
-328.353
-315.318
-317.897
-324.671
-305.945
-322.937
-320.08
-306.312
-310.881
-305.808
-301.592
-301.682
-303.706
-304.517
-301.671
-308.94
-292.322
-302.6
-314.912
-310.722
-312.993
-296.927
-314.18
-333.224
-328.101
-324.035
-308.546
-312.762
-327.801
-328.438
-315.881
-310.56
-322.731
-320.36
-309.159
-302.719
-305.143
-322.058
-305.542
-296.624
-302.139
-313.811
-318.327
-311.632
-321.774
-320.403
-312.664
-321.275
-302.568
-311.252
-299.201
-305.608
-319.085
-319.458
-321.858
-322.697
-319.399
-316.512
-304.254
-312.595
-312.549
-319.908
-316.765
-310.138
-309.127
-303.818
-304.158
-304.133
-291.761
-299.084
-310.421
-301.188
-304.698
-306.341
-310.482
-317.334
-318.627
-320.664
-308.725
-311.165
-313.066
-320.648
-317.139
-322.422
-337.01
-337.346
-337.289
-326.877
-321.055
-329.103
-327.187
-317.523
-317.63
-329.918
-310.565
-345.753
-332.623
-325.868
-321.288
-335.26
-336.987
-344.963
-338.137
-327.663
-330.614
-336.447
-340.534
-349.223
-331.019
-338.448
-349.457
-327.844
-346.116
-352.091
-332.604
-343.176
-336.392
-336.954
-333.808
-323.723
-324.083
-326.001
-321.678
-321.41
-318.427
-361.4
-347.197
-346.743
-344.332
-334.027
-322.687
-333.166
-338.354
-323.766
-315.485
-310.886
-325.142
-336.151
-332.915
-321.292
-340.717
-331.978
-336.751
-338.617
-340.353
-337.85
-329.676
-319.864
-348.663
-336.841
-340.51
-349.672
-356.284
-333.818
-335.593
-345.637
-338.556
-345.098
-340.969
-325.669
-338.721
-329.772
-337.972
-319.911
-338.882
-305.952
-331.354
-324.227
-328.473
-332.788
-324.27
-315.709
-325.087
-333.388
-326.617
-320.345
-325.117
-344.289
-334.242
-335.95
-324.141
-326.319
-331.237
-335.168
-344.805
-327.133
-329.704
-337.587
-325.926
-320.372
-320.147
-329.817
-341.184
-341.917
-343.108
-346.683
-338.38
-327.605
-335.626
-323.926
-340.287
-346.256
-312.723
-317.263
-342.682
-331.508
-328.431
-334.418
-349.008
-346.558
-333.51
-337.546
-335.042
-336.465
-328.674
-341.62
-328.087
-335.779
-349.817
-347.464
-350.23
-340.657
-344.951
-349.621
-330.144
-323.489
-334.152
-323.774
-328.518
-330.936
-323.308
-329.294
-329.344
-348.733
-354.961
-355.687
-350.973
-348.409
-331.664
-341.217
-345.225
-331.468
-324.826
-325.379
-340.16
-343.209
-337.154
-331.12
-334.935
-334.136
-332.556
-328.898
-352.29
-345.447
-325.088
-328.417
-334.07
-334.945
-350.309
-346.313
-337.273
-356.193
-346.765
-339.925
-304.981
-324.58
-341.775
-337.71
-339.961
-323.43
-350.983
-340.935
-336.921
-347.784
-341.159
-334.227
-325.489
-344.869
-331.843
-314.828
-331.718
-319.413
-318.9
-330.776
-309.803
-328.21
-334.269
-325.192
-342.496
-341.325
-329.22
-331.216
-335.903
-344.677
-342.698
-343.093
-341.585
-341.677
-344.613
-344.702
-335.721
-341.189
-329.745
-325.587
-345.368
-331.041
-316.729
-326.347
-330.612
-330.432
-354.312
-344.086
-333.162
-333.66
-336.703
-348.46
-345.894
-335.172
-328.061
-328.422
-346.625
-351.455
-337.224
-337.282
-336.929
-330.059
-342.095
-334.945
-331.849
-330.425
-342.049
-326.871
-319.101
-333.5
-325.702
-327.305
-334.856
-327.34
-339.68
-321.628
-350.111
-333.646
-325.002
-325.634
-329.651
-316.281
-326.672
-339.148
-340.278
-325.542
-328.188
-327.966
-331.74
-325.145
-328.852
-335.433
-335.239
-325.185
-324.472
-302.822
-322.103
-338.534
-330.576
-308.733
-282.315
-297.402
-287.521
-298.462
-290.569
-307.898
-320.576
-326.447
-323.458
-321.811
-319.533
-311.643
-314.648
-325.865
-319.548
-334.941
-315.893
-308.911
-307.752
-304.446
-304.269
-318.032
-308.831
-324.604
-316.097
-321.337
-316.14
-310.402
-307.761
-289.553
-314.997
-318.947
-317.735
-309.636
-304.209
-304.582
-323.31
-331.152
-339.018
-325.673
-319.341
-312.147
-332.308
-354.795
-365.16
-353.377
-360.718
-338.259
-361.767
-348.027
-334.483
-356.896
-332.762
-323.281
-327.336
-337.794
-347.548
-334.471
-340.104
-351.705
-327.616
-343.4
-341.808
-339.902
-330.915
-341.166
-333.005
-333.374
-332.929
-320.726
-349.118
-356.01
-343.192
-335.42
-351.471
-353.394
-357.747
-348.122
-350.385
-348.37
-330.138
-333.636
-340.07
-342.182
-346.421
-333.794
-345.172
-356.005
-351.201
-347.986
-352.288
-354.21
-352.202
-359.909
-344.15
-344.126
-326.336
-323.233
-322.209
-334.902
-337.829
-327.879
-319.772
-346.148
-331.179
-315.851
-329.832
-328.708
-314.337
-316.047
-317.751
-312.771
-333.235
-329.655
-318.516
-330.291
-330.695
-322.079
-317.599
-320.621
-323.631
-321.405
-342.252
-341.852
-333.095
-326.159
-343.763
-334.084
-315.802
-311.282
-327.914
-332.141
-324.898
-327.037
-317.618
-319.795
-327.857
-325.856
-327.568
-326.127
-332.727
-329.886
-321.751
-328.184
-318.735
-322.606
-300.987
-310.999
-326.842
-345.576
-334.401
-334.441
-314.497
-322.618
-308.598
-322.685
-330.15
-323.082
-315.839
-307.811
-316.111
-311.554
-319.477
-321.656
-314.449
-335.729
-339.917
-343.317
-334.151
-318.638
-333.759
-331.022
-339.799
-318.555
-317.254
-316.812
-331.075
-320.618
-320.54
-332.623
-325.65
-317.48
-322.522
-307.756
-313.425
-323.392
-337.914
-336.123
-313.313
-320.687
-329.711
-337.328
-332.661
-312.351
-310.748
-327.116
-318.132
-324.915
-341.073
-324.565
-289.867
-291.013
-301.939
-289.092
-308.601
-306.952
-303.767
-309.715
-314.984
-309.572
-288.014
-302.27
-300.319
-304.513
-296.429
-295.093
-317.348
-321.575
-302.671
-292.397
-302.831
-297.903
-337.047
-339.343
-322.203
-328.006
-331.357
-327.581
-318.105
-297.993
-298.61
-301.733
-331.644
-322.319
-322.685
-327.172
-331.594
-324.523
-313.38
-309.541
-312.793
-336.488
-323.059
-323.456
-306.846
-306.889
-321.867
-331.936
-327.099
-333.984
-335.417
-337.082
-321.704
-314.019
-317.908
-314.04
-310.888
-311.736
-299.268
-326.764
-327.408
-330.348
-329.884
-323.43
-308.982
-325.339
-312.038
-310.371
-322.233
-317.115
-311.05
-329.114
-326.321
-310.126
-318.622
-314.695
-316.622
-330.028
-329.361
-314.788
-312.889
-323.062
-319.507
-315.868
-311.132
-321.149
-315.594
-326.177
-329.22
-317.259
-305.718
-316.545
-324.436
-343.071
-316.265
-324.356
-322.234
-310.754
-309.734
-317.415
-263.468
-275.475
-294.53
-317.689
-311.714
-302.16
-295.075
-302.721
-320.419
-311.927
-319.705
-324.729
-332.119
-313.838
-317.636
-317.114
-330.884
-314.854
-307.687
-304.936
-314.457
-322.639
-303.08
-311.739
-311.821
-327.502
-326.452
-305.77
-318.139
-316.972
-315.695
-315.536
-324.008
-315.409
-319.005
-338.877
-322.481
-327.429
-334.628
-323.461
-321.022
-318.852
-317.183
-302.197
-319.542
-333.185
-305.629
-330.032
-322.39
-300.51
-322.372
-313.577
-320.595
-326.027
-297.178
-303.314
-300.456
-313.064
-305.836
-319.569
-324.038
-318.247
-317.165
-321.76
-321.725
-329.024
-319.681
-301.844
-307.179
-306.996
-327.302
-325.502
-322.843
-321.799
-309.234
-300.183
-298.425
-314.971
-314.846
-319.549
-327.542
-307.743
-319.469
-324.301
-314.827
-309.99
-315.749
-327.544
-309.14
-317.184
-314.772
-302.286
-334.967
-342.014
-331.833
-331.676
-323.467
-322.773
-328.445
-322.02
-272.235
-291.754
-290.354
-284.556
-298.517
-318.871
-311.562
-326.09
-325.713
-313.103
-316.954
-309.908
-301.494
-315.07
-311.026
-306.768
-297.073
-302.22
-300.138
-311.666
-286.887
-309.905
-331.79
-325.805
-306.968
-309.629
-300.673
-309.096
-316.858
-308.251
-290.943
-305.834
-297.771
-305.811
-288.513
-300.412
-310.305
-313.115
-310.096
-300.048
-310.809
-302.698
-303.818
-330.483
-306.806
-310.96
-306.491
-316.406
-309.797
-298.837
-294.161
-290.488
-294.562
-303.134
-312.331
-314.235
-319.612
-309.726
-325.612
-319.221
-300.119
-303.531
-324.781
-316.733
-298.223
-321.483
-311.234
-300.231
-320.349
-324.562
-314.997
-320.1
-325.232
-314.229
-306.599
-306.105
-313.586
-307.848
-310.715
-314.448
-309.6
-318.372
-305.84
-314.102
-323.211
-306.812
-307.179
-293.52
-299.263
-310.252
-297.959
-293.581
-299.206
-299.509
-320.554
-309.053
-328.771
-321.175
-312.67
-323.109
-288.05
-292.837
-306.691
-296.699
-306.648
-300.832
-310.065
-312.695
-304.286
-305.498
-301.144
-296.567
-305.696
-317.886
-304.395
-327.605
-314.61
-317.41
-318.237
-312.515
-321.094
-315.79
-314.3
-316.884
-322.538
-334.916
-326.155
-331.052
-312.158
-318.798
-311.123
-315.683
-320.847
-320.329
-323.285
-315.38
-318.133
-323.791
-311.122
-330.163
-310.181
-319.187
-325.954
-329.367
-317.498
-310.321
-318.425
-317.782
-327.41
-341.579
-316.284
-316.783
-321.62
-320.371
-336.292
-334.47
-325.95
-322.186
-314.973
-311.254
-313.899
-317.452
-327.821
-341.041
-339.126
-349.723
-336.644
-342.665
-337.425
-316.429
-323.814
-338.367
-359.03
-327.716
-331.292
-339.998
-355.506
-344.072
-325.413
-336.133
-331.971
-317.193
-333.827
-325.684
-334.464
-338.809
-335.963
-338.244
-344.122
-334.432
-332.906
-344.907
-336.84
-329.381
-331.968
-350.36
-324.723
-329.897
-335.354
-337.9
-296.982
-304.806
-306.973
-352.835
-344.216
-339.234
-327.667
-324.045
-342.196
-329.772
-338.586
-332.308
-331.056
-332.497
-346.52
-330.603
-348.177
-331.435
-333.863
-334.604
-338.934
-336.382
-325.188
-333.657
-336.896
-341.764
-332.458
-331.579
-330.334
-325.934
-324.512
-346.388
-335.098
-318.496
-317.36
-339.69
-327.966
-357.046
-347.151
-342.862
-336.151
-346.429
-350.866
-353.668
-354.369
-364.051
-330.299
-345.391
-331.254
-340.444
-346.562
-358.454
-355.251
-352.908
-348.111
-337.764
-338.992
-345.754
-328.236
-336.743
-341.753
-324.526
-331.623
-345.932
-340.541
-326.658
-336.105
-349.607
-343.518
-347.406
-357.133
-336.79
-323.022
-331.66
-333.822
-336.012
-343.266
-332.969
-339.867
-328.584
-342.375
-350.572
-335.819
-330.243
-325.467
-335.203
-339.502
-341.64
-332.509
-341.877
-347.161
-334.665
-332.918
-345.296
-346.616
-351.578
-347.785
-338.214
-348.839
-337.52
-318.942
-317.831
-318.104
-302.045
-307.019
-304.437
-319.583
-315.437
-305.866
-316.184
-324.545
-326.279
-318.531
-317.063
-305.927
-325.638
-310.369
-314.731
-310.665
-312.256
-314.463
-308.112
-317.371
-313.18
-315.33
-319.507
-308.919
-311.106
-306.676
-326.865
-324.27
-327.874
-326.119
-327.308
-320.644
-324.013
-335.021
-339.138
-324.828
-327.332
-335.742
-336.26
-321.166
-325.75
-321.433
-316.383
-326.03
-323.906
-345.118
-345.263
-335.195
-334.506
-332.153
-316.332
-302.422
-322.665
-322.076
-343.18
-338.684
-332.963
-342.811
-350.856
-320.083
-321.263
-325.296
-326.031
-329.035
-327.844
-325.463
-325.928
-307.928
-324.263
-343.819
-351.981
-324.537
-325.69
-330.092
-335.533
-337.083
-334.993
-328.379
-319.957
-349.172
-332.573
-324.097
-332.925
-336.748
-325.227
-321.786
-324.585
-331.227
-339.835
-336.503
-320.514
-339.521
-342.044
-335.156
-330.24
-321.659
-327.479
-284.021
-296.714
-306.158
-293.254
-303.561
-310.528
-305.775
-299.959
-295.105
-306.628
-305.043
-295.926
-300.602
-310.305
-279.212
-296.717
-313.798
-311.84
-319.383
-304.51
-314.086
-314.362
-293.868
-296.569
-310.091
-289.191
-284.161
-293.84
-307.666
-290.699
-312.899
-313.387
-317.92
-308.138
-304.293
-300.846
-298.693
-305.756
-279.186
-296.301
-295.079
-325.853
-315.824
-322.112
-317.93
-299.288
-302.332
-315.567
-310.39
-304.373
-306.695
-293.058
-307.407
-303.105
-313.779
-311.602
-305.54
-310.056
-307.036
-318.341
-300.831
-310.891
-302.85
-313.668
-312.413
-295.119
-302.925
-302.857
-312.889
-304.551
-310.313
-311.214
-308.872
-303.412
-304.441
-293.916
-300.463
-302.369
-302.894
-305.425
-287.518
-308.961
-315.311
-333.906
-333.427
-338.954
-324.669
-317.513
-315.429
-309.471
-309.314
-294.386
-315.658
-310.483
-310.123
-309.535
-316.855
-315.02
-315.896
-317.37
-318.618
-312.08
-305.781
-310.488
-303.529
-301.429
-307.302
-287.956
-299.105
-307.233
-319.538
-306.744
-321.067
-314.039
-314.364
-303.238
-308.348
-295.429
-302.79
-300.683
-298.899
-298.716
-319.072
-313.584
-308.243
-291.381
-292.114
-308.582
-314.66
-295.54
-315.46
-322.99
-309.192
-300.86
-308.418
-311.507
-308.094
-316.607
-319.885
-330.523
-333.22
-317.439
-320.051
-316.067
-320.511
-326.527
-324.245
-327.221
-320.491
-327.526
-336.061
-329.697
-326.418
-323.131
-322.138
-312.746
-328.824
-329.963
-326.926
-317.951
-320.974
-311.109
-320.163
-323.159
-308.94
-329.441
-321.023
-312.31
-333.539
-322.685
-324.98
-323.416
-320.278
-339.353
-327.646
-322.617
-315.546
-326.259
-336.501
-328.415
-323.888
-306.927
-313.311
-327.188
-330.254
-333.277
-323.089
-291.645
-312.171
-302.827
-313.297
-310.603
-306.412
-315.326
-305.579
-324.508
-326.946
-310.946
-331.007
-314.383
-295.648
-302.653
-303.575
-323.129
-319.954
-314.807
-343.157
-322.095
-312.222
-317.948
-301.821
-313.946
-312.404
-327.064
-338.807
-325.165
-333.323
-330.679
-325.791
-316.585
-320.219
-320.852
-315.78
-315.901
-310.446
-302.714
-305.124
-309.001
-306.477
-328.492
-333.923
-318.923
-324.717
-335.525
-310.629
-323.38
-307.875
-323.39
-332.904
-307.439
-326.783
-318.241
-306.35
-314.43
-327.566
-328.43
-315.468
-314.021
-315.065
-320.938
-340.982
-334.029
-323.316
-335.84
-341.289
-341.876
-333.323
-346.781
-358.519
-359.014
-334.2
-328.258
-346.489
-352.657
-334.836
-321.359
-330.222
-342.007
-323.475
-318.728
-325.882
-311.253
-339.095
-344.074
-351.387
-340.259
-331.632
-316.376
-332.647
-358.717
-358.487
-355.624
-341.096
-341.5
-324.56
-331.881
-329.984
-337.489
-349.27
-343.101
-342.278
-333.331
-333.161
-338.749
-321.183
-340.207
-329.049
-335.595
-355.143
-344.008
-319.355
-313.81
-335.919
-315.438
-325.692
-326.846
-333.626
-318.89
-319.913
-322.226
-319.523
-322.927
-314.782
-328.028
-331.146
-338.945
-330.843
-331.625
-335.748
-323.534
-317.618
-312.665
-322.246
-326.656
-324.846
-341.543
-329.005
-322.058
-329.597
-330.782
-324.146
-309.318
-318.62
-330.831
-330.96
-336.247
-327.539
-337.43
-333.105
-321.801
-305.005
-311.856
-336.591
-317.717
-312.615
-319.851
-326.943
-335.778
-328.556
-310.282
-317.314
-321.811
-323.64
-319.423
-333.597
-339.166
-339.09
-335.809
-344.194
-327.011
-332.153
-316.024
-338.048
-338.79
-342.795
-349.835
-341.159
-348.784
-341.075
-349.213
-340.324
-327.621
-331.179
-342.795
-331.426
-327.958
-335.684
-333.892
-324.125
-318.331
-336.475
-343.376
-333.553
-336.937
-324.4
-324.914
-346.057
-344.935
-344.15
-338.708
-329.971
-342.635
-329.637
-324.314
-339.886
-341.445
-341.081
-320.983
-331.677
-324.405
-286.517
-286.985
-290.951
-315.273
-298.392
-292.948
-294.372
-311.376
-306.175
-325.475
-321.608
-336.067
-318.76
-315.368
-329.453
-321.214
-322.872
-326.638
-339.115
-322.07
-324.189
-323.153
-329.967
-317.287
-318.728
-306.063
-321.039
-320.565
-325.782
-314.554
-325.925
-336.485
-338.893
-339.713
-321.384
-320.069
-326.228
-314.631
-334.807
-344.829
-349.906
-331.749
-326.276
-334.047
-332.596
-328.596
-342.233
-328.653
-325.09
-316.183
-328.187
-319.167
-341.27
-342.713
-317.73
-301.419
-331.956
-321.499
-323.172
-326.854
-328.691
-341.01
-340.161
-343.15
-337.429
-335.781
-326.574
-332.934
-331.314
-343.251
-343.583
-350.769
-334.236
-336.296
-331.52
-346.641
-345.411
-328.331
-321.069
-325.591
-335.664
-343.841
-329.714
-315.222
-311.441
-312.524
-323.887
-317.188
-343.24
-347.242
-339.033
-327.708
-333.986
-331.406
-319.305
-319.197
-337.932
-336.065
-325.209
-345.831
-319.979
-312.091
-311.814
-313.073
-307.142
-313.032
-321.526
-320.923
-308.191
-298.417
-295.288
-300.513
-309.951
-296.769
-303.98
-296.244
-304.169
-298.848
-317.383
-303.19
-324.159
-318.94
-304.816
-322.354
-316.766
-310.61
-309.854
-324.336
-314.638
-301.564
-312.601
-315.415
-316.795
-314.406
-315.433
-317.427
-313.479
-308.041
-317.778
-320.86
-304.471
-308.865
-301.516
-313.691
-296.958
-320.413
-307.783
-323.259
-320.083
-324.936
-307.833
-332.105
-329.926
-326.96
-339.653
-336.543
-320.615
-312.132
-329.268
-332.735
-335.414
-333.239
-344.661
-327.85
-326.099
-330.762
-331.118
-317.91
-315.328
-311.523
-331.898
-315.816
-326.134
-314.884
-324.536
-327.603
-325.59
-322.549
-316.44
-330.043
-347.122
-347.983
-340.97
-345.839
-325.031
-330.152
-337.264
-313.499
-319.573
-333.798
-319.929
-342.959
-352.843
-336.021
-337.086
-336.413
-342.871
-364.825
-353.624
-332.69
-307.837
-288.594
-300.549
-293.349
-306.616
-310.655
-304.805
-296.873
-311.828
-302.524
-309.243
-301.941
-283.874
-313.581
-311.399
-299.466
-306.388
-304.34
-310.717
-312.651
-310.443
-316.994
-324.53
-312.778
-303.375
-293.116
-311.822
-299.216
-305.879
-308.745
-303.134
-309.785
-313.067
-318.674
-326.112
-326.868
-328.849
-328.371
-323.082
-311.954
-320.683
-308.178
-303.432
-308.963
-319.352
-311.342
-306.256
-315.065
-319.675
-296.724
-308.326
-299.422
-279.48
-302.649
-311.899
-330.592
-331.878
-305.46
-330.203
-333.807
-335.223
-342.713
-346.893
-349.475
-341.768
-358.364
-339.627
-330.076
-342.027
-334.181
-340.651
-326.425
-333.815
-334.587
-323.801
-328.668
-331.746
-328.512
-337.24
-343.888
-342.116
-326.291
-350.776
-330.374
-334.248
-329.573
-333.761
-321.975
-334.978
-341.895
-344.803
-335.292
-304.352
-318.087
-324.466
-337.818
-344.317
-336.331
-323.276
-328.209
-327.975
-316.47
-331.423
-330.189
-320.309
-325.66
-319.287
-326.861
-333.847
-323.428
-331.082
-341.817
-321.312
-320.832
-326.193
-335.073
-347.446
-328.449
-336.856
-328.105
-314.155
-342.449
-335.738
-329.985
-335.661
-341.948
-330.221
-316.228
-303.126
-318.879
-318.323
-306.757
-325.729
-328.558
-328.712
-329.735
-328.131
-328.859
-333.824
-337.346
-328.735
-323.307
-336.259
-322.777
-338.491
-333.68
-325.334
-316.081
-311.461
-302.506
-331.452
-327.828
-334.4
-335.216
-332.916
-316.588
-318.033
-318.531
-327.946
-309.306
-313.613
-317.951
-309.339
-323.962
-331.995
-336.358
-308.525
-323.06
-315.234
-311.719
-307.312
-302.46
-311.314
-310.379
-309.751
-325.469
-338.045
-318.417
-322.91
-307.509
-325.577
-335.838
-336.142
-353.816
-338.988
-340.607
-323.614
-317.389
-330.946
-324.374
-324.464
-332.813
-330.531
-324.115
-318.865
-320.098
-326.807
-322.655
-329.573
-322.249
-298.662
-307.523
-312.569
-297.642
-295.079
-308.635
-321.272
-322.018
-315.212
-304.513
-297.831
-292.993
-309.733
-309.416
-309.157
-320.045
-317.057
-330.508
-319.91
-331.458
-320.555
-320.371
-318.278
-319.028
-327.079
-334.597
-332.811
-336.608
-328.623
-316.569
-337.657
-334.647
-316.456
-312.656
-317.718
-321.4
-321.29
-317.957
-320.954
-330.906
-333.147
-325.463
-342.272
-353.976
-331.317
-331.846
-330.902
-328.16
-334.012
-323.686
-320.351
-305.682
-317.662
-328.905
-324.354
-342.752
-340.51
-339.311
-347.377
-338.997
-333.901
-328.276
-337.118
-341.003
-328.162
-334.935
-334.564
-351.108
-318.048
-338.945
-345.302
-331.659
-336.93
-340.721
-315.199
-322.26
-314.037
-316.552
-326.509
-334.817
-328.769
-330.7
-330.273
-340.588
-329.959
-329.798
-301.532
-311.849
-315.475
-320.63
-329.02
-319.892
-328.874
-325.865
-313.516
-315.294
-331.533
-327.829
-334.802
-318.313
-360.383
-340.989
-336.245
-337.57
-355.366
-358.032
-355.69
-347.777
-347.117
-345.767
-338.868
-337.821
-352.79
-343.99
-324.583
-321.827
-315.202
-325.253
-334.102
-346.9
-347.015
-316.332
-338.059
-339.795
-345.95
-332.518
-324.029
-338.182
-334.768
-330.983
-330.193
-340.527
-331.319
-335.308
-336.388
-343.468
-344.646
-336.975
-341.99
-341.526
-332.602
-333.938
-341.3
-328.911
-344.629
-335.897
-361.841
-337.594
-333.268
-348.481
-336.189
-341.574
-336.751
-334.222
-346.189
-343.738
-344.589
-347.724
-346.059
-329.876
-329.174
-337.82
-335.818
-342.665
-339.031
-340.361
-342.094
-313.42
-314.299
-329.911
-327.207
-327.099
-335.768
-334.086
-345.056
-352.48
-350.161
-359.539
-351.298
-343.817
-326.084
-333.592
-334.083
-323.35
-332.944
-325.013
-333.111
-340.433
-337.22
-337.641
-341.415
-343.852
-316.408
-329.831
-332.807
-341.824
-346.081
-344.002
-340.163
-332.136
-327.028
-323.147
-320.218
-318.814
-344.398
-339.457
-336.984
-314.779
-342.864
-351.927
-345.053
-339
-326.909
-332.862
-326.01
-320.917
-328.807
-332.465
-330.661
-336.577
-322.746
-312.065
-333.332
-312.02
-328.476
-349.22
-319.058
-321.647
-327.874
-336.748
-327.018
-332.445
-344.004
-332.576
-331.639
-331.585
-335.118
-319.04
-314.463
-314.544
-317.45
-320.487
-327.851
-324.979
-315.45
-333.715
-319.35
-317.63
-326.32
-345.14
-336.169
-319.269
-326.714
-332.619
-340.508
-366.589
-338.902
-320.011
-334.264
-343.945
-337.476
-323.365
-335.563
-332.323
-321.872
-325.678
-330.724
-329.732
-331.076
-325.722
-329.09
-321.348
-325.784
-342.933
-338.297
-331.047
-343.086
-348.135
-317.624
-323.204
-333.598
-339.826
-343.734
-344.746
-337.009
-343.536
-335.77
-340.062
-347.535
-344.525
-333.68
-317.681
-327.374
-332.504
-329.251
-317.352
-321.424
-326.683
-315.995
-314.375
-288.705
-297.707
-300.623
-306.888
-307.748
-318.154
-296.567
-297.238
-303.54
-296.641
-311.813
-311.924
-310.106
-306.305
-299.024
-291.952
-314.81
-302.433
-309.913
-317.975
-296.909
-300.464
-294.681
-302.48
-300.161
-300.184
-307.642
-304.023
-311.439
-307.987
-318.268
-317.878
-300.942
-290.713
-295.766
-299.578
-317.483
-314.853
-288.536
-301.098
-323.002
-304.817
-310.92
-308.142
-287.721
-310.385
-312.723
-314.651
-307.062
-277.415
-285.115
-297.373
-292.95
-283.66
-283.437
-275.44
-291.499
-287.172
-295.137
-299.034
-302.495
-306.945
-284.893
-285.455
-310.201
-308.726
-298.415
-302.71
-287.021
-315.136
-311.028
-310.985
-310.709
-319.991
-296.669
-299.331
-304.955
-290.786
-299.164
-313.503
-322.101
-307.846
-310.423
-311.442
-313.995
-311.939
-298.222
-302.708
-299.382
-313.233
-291.756
-295.581
-295.453
-318.151
-316.091
-322.427
-322.318
-293.208
-322.118
-310.154
-310.336
-296.097
-299.004
-296.307
-292.602
-298.959
-310.349
-312.055
-318.644
-304.671
-282.187
-315.711
-324.91
-319.412
-325.708
-319.981
-314.13
-299.648
-315.124
-316.167
-326.035
-325.253
-309.528
-324.698
-318.715
-331.61
-326.509
-314.851
-319.566
-306.16
-307.839
-319.718
-294.818
-302.783
-311.521
-308.055
-299.374
-312.907
-324.379
-305.652
-316.129
-320.373
-315.564
-297.264
-313.883
-308.984
-313.857
-333.411
-321.763
-314.13
-320.7
-332.844
-324.771
-331.42
-329.108
-333.621
-326.488
-335.942
-332.312
-316.987
-310.75
-309.477
-326.981
-322.41
-310.107
-316.937
-319.016
-319.911
-311.074
-304.698
-308.408
-309.296
-303.914
-333.461
-323.872
-314.47
-319.399
-320.749
-321.241
-318.085
-311.858
-310.171
-316.378
-309.477
-314.281
-323.021
-325.643
-323.005
-319.056
-304.351
-305.417
-320.211
-306.587
-327.642
-305.949
-319.766
-306.32
-319.461
-324.857
-311.936
-316.801
-310.055
-295.038
-313.778
-327.547
-319.356
-318.575
-311.789
-307.924
-326.072
-304.44
-309.775
-313.51
-324.945
-333.387
-332.559
-328.571
-314.942
-328.795
-319.232
-305.856
-330.257
-323.724
-317.807
-325.624
-314.114
-317.032
-333.354
-325.734
-310.148
-330.964
-333.577
-329.447
-324.794
-299.624
-304.87
-320.311
-320.378
-314.34
-320.152
-306.987
-312.949
-314.829
-319.438
-319.352
-314.249
-321.745
-315.569
-299.702
-325.285
-318.422
-306.159
-319.394
-304.257
-318.956
-315.784
-306.882
-312.948
-310.427
-331.19
-318.987
-325.412
-319.644
-326.76
-309.469
-313.18
-317.528
-306.329
-303.509
-316.022
-322.106
-313.161
-315.371
-303.959
-300.789
-315.559
-314.325
-302.312
-314.849
-314.741
-323.524
-318.802
-322.317
-311.248
-326.173
-309.887
-306.776
-333.985
-324.376
-306.635
-315.574
-311.124
-318.139
-325.755
-306.487
-314.279
-311.799
-312.831
-322.323
-309.855
-269.729
-287.34
-274.76
-282.935
-281.029
-297.931
-287.628
-292.842
-298.614
-304.563
-279.606
-287.292
-288.764
-297.033
-297.329
-310.073
-315.752
-311.585
-308.366
-296.365
-310.904
-301.76
-294.036
-294.209
-308.102
-309.828
-297.755
-280.364
-304.002
-304.808
-308.88
-314.02
-304.98
-315.352
-317.996
-306.943
-321.596
-302.023
-294.344
-295.121
-301.382
-310.803
-304.183
-304.866
-299.624
-299.025
-311.392
-309.367
-310.361
-304.621
-313.095
-310.788
-287.69
-292.298
-322.281
-308.204
-296.614
-307.864
-308.651
-302.772
-301.326
-290.134
-302.37
-293.465
-298.953
-319.387
-296.674
-309.081
-313.338
-295.078
-296.773
-299.022
-303.281
-303.702
-317.741
-321.966
-306.36
-302.364
-310.505
-322.651
-313.007
-309.4
-318.33
-309.705
-305.398
-307.507
-297.468
-298.191
-290.759
-299.603
-306.226
-304.315
-302.67
-293.359
-308.944
-316.347
-304.9
-296.64
-312.059
-294.92
-303.84
-284.755
-292.988
-310.239
-311.812
-311.91
-285.175
-303.298
-303.004
-298.316
-300.491
-289.623
-300.622
-309.529
-281.511
-299.659
-318.944
-315.861
-301.062
-312.956
-299.209
-304.698
-302.936
-299.085
-297.64
-298.762
-300.905
-309.596
-306.97
-299.482
-297.265
-283.137
-297.204
-286.645
-312.979
-320.296
-322.543
-302.434
-296.077
-294.088
-291.12
-286.518
-287.167
-303.484
-294.273
-293.073
-308.54
-284.106
-302.6
-308.642
-310.145
-298.867
-292.039
-292.189
-289.85
-276.937
-278.915
-283.506
-285.463
-306.299
-301.75
-302.358
-297.823
-303.133
-301.626
-324.185
-303.774
-303.895
-304.354
-295.736
-300.905
-299.184
-294.617
-293.307
-284.758
-302.875
-323.464
-315.992
-292.501
-290.09
-299.455
-275.957
-281.812
-296.189
-286.912
-299.972
-300.768
-293.686
-306.067
-308.52
-292.915
-285.879
-281.994
-275.576
-294.756
-298.171
-299.689
-290.422
-283.218
-295.417
-272.537
-284.558
-289.954
-276.389
-284.462
-274.335
-264.137
-283.457
-287.392
-284.894
-286.333
-290.121
-302.086
-330.739
-327.188
-307.077
-312.485
-325.698
-304.637
-324.917
-303.99
-322.52
-319.97
-323.816
-338.919
-333.694
-326.499
-321.615
-322.422
-318.36
-318.402
-321.074
-336.326
-327.602
-327.697
-314.36
-325.576
-321.376
-329.37
-319.085
-327.809
-324.037
-328.919
-310.277
-315.343
-330.855
-324.365
-328.429
-319.736
-325.107
-325.895
-335.131
-309.238
-319.637
-324.587
-321.506
-322.672
-330.461
-332.308
-298.193
-321.416
-332.662
-306.956
-313.665
-325.581
-315.749
-310.878
-325.684
-320.595
-322.556
-327.913
-325.951
-321.414
-324.254
-332.139
-331.679
-306.465
-315.704
-315.219
-317.644
-314.351
-315.998
-321.426
-322.318
-322.822
-311.135
-314.702
-315.27
-311.373
-311.259
-300.623
-322.965
-329.311
-317.536
-308.734
-307.012
-312.549
-321.15
-329.651
-343.32
-337.055
-305.377
-300.694
-321.13
-323.72
-325.361
-335.586
-324.484
-333.302
-326.072
-338.296
-330.958
-320.528
-315.693
-333.256
-329.14
-331.899
-327.281
-334.056
-341.987
-332.906
-306.592
-319.642
-320.088
-333.026
-318.878
-321.984
-303.451
-307.495
-307.651
-303.835
-301.732
-319.386
-321.288
-331.979
-328.676
-313.657
-328.589
-310.675
-299.807
-308.079
-309.663
-309.095
-307.824
-323.339
-313.867
-303.926
-324.006
-326.252
-325.332
-338.138
-315.539
-317.089
-313.155
-309.541
-318.087
-316.864
-333.096
-313.028
-320.21
-322.456
-320.911
-327.501
-308.034
-331.8
-319.503
-314.99
-303.958
-304.662
-320.682
-319.497
-317.643
-315.496
-323.195
-315.862
-317.29
-320.642
-333.778
-324.806
-331.966
-315.697
-315.396
-318.139
-324.121
-305.864
-309.296
-303.873
-318.374
-310.682
-315.261
-297.761
-317.746
-325.652
-321.882
-330.439
-327.378
-319.793
-322.253
-297.752
-296.415
-284.938
-284.379
-277
-284.887
-290.209
-293.413
-308.835
-323.564
-327.222
-337.073
-319.254
-308.969
-311.704
-313.553
-319.964
-307.915
-310.403
-314.583
-313.431
-312.606
-343.686
-313.76
-319.708
-318.098
-328.615
-315.755
-332.003
-314.181
-325.269
-313.336
-322.527
-308.34
-311.805
-319.774
-319.556
-309.156
-323.177
-314.829
-304.968
-306.186
-313.846
-324.942
-296.323
-306.714
-317.862
-311.881
-317.857
-333.157
-324.96
-295.373
-296.246
-317.051
-325.353
-303.37
-308.68
-310.058
-329.178
-318.025
-302.809
-297.615
-302.864
-324.581
-320.891
-315.664
-318.562
-321.81
-316.151
-315.034
-324.428
-327.641
-314.17
-313.966
-309.899
-310.633
-297.971
-302.547
-309.561
-333.115
-322.001
-327.874
-327.251
-308.76
-339.134
-311.009
-297.6
-299.867
-313.069
-328.527
-314.055
-301.795
-297.213
-318.767
-324.497
-314.018
-319.106
-323.416
-323.529
-334.23
-326.509
-305.401
-278.705
-285.575
-295.07
-290.968
-282.307
-284.575
-278.076
-283.835
-305.238
-310.939
-307.503
-321.196
-311.496
-299.802
-294.652
-305.757
-304.677
-289.586
-301.482
-311.415
-295.845
-303.203
-310.19
-314.661
-289.759
-302.788
-303.212
-280.297
-288.467
-304.821
-313.49
-315.514
-311.553
-314.488
-321.395
-317.091
-325.017
-301.907
-284.799
-303.9
-305.624
-327.258
-292.343
-307.36
-299.673
-294.718
-289.369
-309.737
-301.741
-309.452
-306.653
-314.205
-299.783
-295.955
-311.355
-309.905
-317.483
-316.209
-314.588
-288.734
-305.016
-307.302
-288.109
-315.28
-310.371
-305.093
-307.353
-309.662
-301.499
-302.859
-305.324
-288.263
-303.531
-301.837
-303.668
-319.146
-304.298
-311.475
-308.615
-313.178
-300.363
-306.264
-317.153
-311.673
-293.23
-307.592
-308.536
-288.669
-310.843
-315.546
-313.247
-318.578
-323.953
-315.425
-314.018
-294.952
-309.147
-295.167
-307.648
-308.433
-264.425
-276.306
-307.47
-316.155
-314.422
-308.282
-323.419
-307.862
-300.406
-305.713
-301.392
-294.417
-279.9
-315.003
-318.619
-325.552
-316.279
-320.974
-305.156
-294.789
-305.041
-316.387
-329.615
-322.876
-309.272
-318.025
-307.892
-310.135
-325.913
-333.633
-317.361
-310.533
-325.987
-331.408
-337.366
-330.992
-317.401
-310.572
-308.681
-321.71
-325.443
-315.589
-320.483
-320.16
-327.531
-326.439
-307.68
-311.665
-317.559
-316.406
-307.104
-311.032
-323.437
-318.701
-338.04
-316.746
-315.26
-294.826
-322.956
-308.882
-299.331
-324.167
-329.57
-314.989
-295.866
-312.789
-320.481
-321.656
-326.035
-328.467
-300.568
-303.045
-322.238
-327.769
-322.739
-328.025
-315.977
-294.469
-301.624
-327.069
-306.541
-313.966
-317.093
-330.761
-315.203
-308.262
-327.732
-328.383
-294.627
-299.433
-292.725
-300.222
-321.003
-320.602
-320.333
-321.498
-322.545
-308.554
-314.927
-323.06
-295.402
-282.016
-282.399
-293.192
-290.447
-285.124
-297.613
-296.475
-302.402
-316.215
-317.838
-309.521
-306.326
-326.52
-313.556
-291.757
-301.298
-312.255
-320.1
-299.633
-297.513
-308.726
-314.302
-321.005
-312.875
-314.631
-308.018
-299.951
-300.315
-298.74
-300.144
-315.365
-309.722
-305.849
-306.109
-319.272
-293.407
-278.531
-279.702
-295.166
-292.359
-291.442
-313.118
-307.255
-314.463
-309.641
-296.895
-293.892
-304.226
-312.622
-311.403
-317.94
-319.115
-296.578
-302.693
-310.004
-314.516
-325.441
-320.3
-311.487
-314.564
-310.137
-308.531
-308.099
-302.299
-308.092
-321.85
-319.189
-328.997
-324.624
-317.57
-308.646
-315.329
-307.614
-317.212
-318.661
-294.809
-318.442
-328.989
-314.083
-306.99
-288.489
-324.695
-310.413
-298.471
-315.175
-305.084
-299.03
-309.338
-304.587
-308.276
-304.182
-318.038
-309.343
-316.519
-294.687
-292.151
-302.683
-310.626
-313.312
-337.335
-327.956
-311.181
-323.363
-312.507
-328.719
-323.645
-312.047
-311.921
-322.136
-307.875
-337.208
-302.188
-291.328
-308.24
-307.602
-310.404
-318.904
-316.427
-311.022
-316.04
-305.725
-319.556
-315.724
-320.96
-299.72
-315.071
-331.129
-320.935
-320.605
-306.71
-305.704
-314.716
-320.174
-310.432
-328.902
-327.578
-324.61
-329.596
-328.578
-317.048
-305.13
-317.026
-313.074
-336.419
-320.8
-335.348
-313.328
-314.548
-328.772
-325.694
-322.695
-310.804
-302.821
-318.871
-319.579
-312.616
-325.156
-326.258
-303.339
-300.369
-297.365
-320.97
-320.572
-319.208
-309.762
-328.791
-326.577
-315.373
-314.152
-315.841
-307.676
-323.127
-319.728
-327.29
-319.016
-331.839
-324.951
-331.516
-322.868
-317.647
-311.614
-326.442
-328.6
-327.988
-322.353
-316.028
-303.878
-321.999
-304.369
-314.702
-312.729
-316.741
-311.143
-311.232
-320.98
-322.127
-315.331
-317.262
-312.518
-282.332
-296.173
-286.321
-276.312
-308.919
-314.014
-327.53
-301.158
-305.06
-303.788
-307.788
-307.607
-303.622
-298.613
-307.467
-311.291
-304.823
-309.511
-317.837
-313.63
-318.471
-302.908
-298.973
-316.004
-296.639
-300.285
-312.465
-325.687
-313.786
-308.869
-312.707
-319.382
-318.488
-314.896
-303.111
-300.149
-295.451
-300.931
-312.024
-309.815
-309.228
-300.871
-307.682
-298.555
-316.784
-317.774
-315.839
-306.6
-323.087
-302.49
-303.753
-296.02
-294.703
-306.35
-305.639
-290.083
-309.195
-300.146
-294.902
-317.579
-315.737
-307.575
-318.276
-322.541
-314.598
-322.505
-323.176
-312.797
-312.351
-312.812
-307.373
-312.218
-297.086
-302.308
-303.823
-305.616
-301.368
-309.895
-313.419
-313.792
-298.311
-284.283
-312.154
-318.413
-312.943
-312.429
-306.774
-302.797
-308.858
-305.73
-296.862
-297.698
-300.239
-296.897
-301.272
-285.514
-294.793
-314.004
-316.6
-315.646
-273.011
-290.403
-301.535
-301.277
-280.418
-295.318
-280.638
-285.314
-288.101
-287.51
-290.843
-293.777
-280.068
-282.992
-276.88
-283.376
-291.302
-286.713
-290.168
-290.161
-285.585
-275.691
-288.521
-285.886
-288.062
-295.911
-280.378
-288.646
-286.246
-280.827
-278.353
-267.66
-274.705
-293.651
-274.494
-291.007
-277.528
-288.635
-276.196
-291.655
-299.027
-287.136
-298.665
-287.204
-292.635
-286.843
-304.762
-291.813
-285.971
-287.073
-303.336
-315.96
-309.139
-308.561
-287.055
-294.581
-295.944
-299.149
-289.655
-301.54
-297.07
-309.985
-307.861
-296.68
-306.007
-296.402
-295.215
-284.608
-277.794
-302.694
-311.252
-310.606
-287.433
-301.628
-311.477
-297.085
-306.929
-303.384
-287.8
-299.448
-288.424
-279.23
-294.538
-299.436
-306.009
-299.21
-281.45
-304.642
-319.224
-326.176
-327.833
-308.526
-295.497
-302.208
-300.591
-310.413
-301.239
-312.324
-291.197
-297.637
-276.026
-261.781
-265.412
-276.521
-275.369
-271.043
-268.412
-267.625
-282.887
-296.768
-283.854
-295.435
-275.156
-288.997
-281.626
-286.927
-274.508
-294.247
-301.078
-292.396
-295.702
-300.763
-277.983
-274.447
-289.887
-292.926
-293.321
-306.111
-299.805
-302.779
-306.654
-296.645
-288.214
-284.137
-303.921
-309.812
-304.044
-297.339
-307.313
-306.251
-309.418
-299.297
-292.239
-301.759
-300.562
-310.236
-302.194
-287.799
-294.82
-306.819
-282.259
-299.744
-299.172
-303.987
-299.352
-288.838
-291.835
-302.023
-294.495
-288.05
-300.49
-273.926
-300.629
-298.473
-291.738
-302.542
-307.59
-305.341
-301.763
-299.806
-296.684
-302.104
-296.282
-304.275
-284.221
-307.98
-305.287
-287.36
-292.483
-306.333
-319.384
-295.146
-307.784
-305.412
-319.276
-317.204
-305.408
-311.783
-298.328
-309.005
-323.505
-312.49
-301.951
-305.079
-311.551
-311.276
-321.808
-322.122
-312.472
-310.273
-271.352
-277.001
-270.666
-277.884
-286.131
-296.474
-291.598
-303.066
-291.938
-294.999
-285.659
-288.662
-295.278
-284.707
-294.764
-289.576
-269.722
-275.726
-305.899
-300.312
-288.394
-300.953
-284.504
-295.033
-285.749
-306.141
-288.101
-283.167
-293.113
-289.901
-291.933
-291.656
-295.029
-282.62
-286.248
-264.144
-266.022
-273.337
-287.262
-295.474
-298.883
-293.49
-285.944
-289.936
-290.284
-282.229
-278.856
-272.805
-293.649
-298.813
-286.627
-279.431
-278.298
-279.029
-290.376
-292.324
-277.839
-284.756
-298.145
-279.596
-298.804
-293.764
-291.588
-283.953
-290.479
-293.242
-304.818
-303.95
-302.622
-283.785
-285.976
-295.015
-289.969
-303.295
-291.059
-298.166
-294.781
-274.464
-293.568
-299.331
-292.776
-289.669
-305.196
-284.634
-289.043
-290.51
-297.529
-300.25
-315.225
-298.15
-318.989
-308.818
-293.323
-296.939
-299.679
-286.529
-302.21
-301.411
-301.932
-321.954
-280.454
-279.824
-268.215
-281.991
-269.003
-283.354
-285.797
-280.737
-289.487
-276.779
-278.406
-275.451
-284.738
-302.583
-303.16
-285.162
-295.529
-292.973
-288.398
-299.272
-286.132
-298.946
-303.79
-301.853
-297.225
-296.648
-294.368
-305.207
-302.078
-291.387
-300.454
-307.211
-304.916
-311.899
-302.544
-303.03
-292.809
-290.387
-272.926
-306.869
-303.747
-303.718
-303.704
-305.521
-295.229
-299.794
-302.808
-302.742
-296.949
-297.222
-291.204
-289.763
-295.483
-295.838
-277.395
-286.822
-285.071
-313.792
-297.751
-281.248
-307.553
-311.608
-303.527
-299.137
-292.392
-297.015
-288.375
-295.771
-303.045
-307.754
-297.407
-312.73
-299.563
-293.536
-301.463
-293.114
-293.04
-288.865
-272.372
-275.329
-294.931
-292.976
-281.459
-283.588
-319.978
-303.057
-298.16
-316.338
-306.442
-308.92
-294.553
-301.62
-303.023
-300.902
-302.727
-302.053
-286.41
-311.26
-307.555
-311.6
-277.051
-283.068
-289.493
-281.364
-279.302
-285.077
-292.314
-285.44
-283.772
-290.584
-293.884
-284.273
-280.471
-288.443
-281.287
-284.917
-284.958
-293.232
-293.147
-288.632
-279.398
-292.741
-287.739
-298.831
-308.845
-308.024
-310.162
-316.206
-292.495
-286.659
-289.325
-295.392
-305.994
-282.598
-298.35
-317.613
-310.999
-292.91
-283.009
-306.099
-311.949
-281.317
-300.686
-302.239
-280.865
-293.843
-286.974
-306.894
-314.478
-299.536
-297.83
-308.02
-301.963
-288.047
-292.991
-294.239
-297.506
-313.303
-302.572
-295.774
-305.254
-288.452
-301.952
-305.842
-297.973
-313.06
-319.215
-315.003
-300.452
-300.958
-295.284
-307.749
-303.275
-315.826
-311.76
-312.123
-307.552
-301.49
-309.001
-307.176
-273.081
-289.837
-297.78
-296.481
-314.294
-289.629
-311.984
-307.438
-297.088
-301.014
-294.046
-303.373
-292.904
-292.059
-302.399
-323.796
-309.954
-301.416
-303.051
-310.037
-284.019
-271.218
-269.572
-271.21
-284.28
-285.925
-290.732
-282.703
-289.806
-281.736
-278.723
-279.525
-283.322
-287.844
-280.555
-293.26
-291.712
-300.135
-312.615
-305.693
-304.502
-307.646
-294.506
-288.114
-296.958
-296.29
-300.192
-298.578
-301.564
-303.503
-302.669
-312.692
-313.122
-289.579
-296.579
-298.656
-294.977
-299.524
-284.648
-302.626
-303.577
-291.893
-303.697
-281.744
-299.949
-314.639
-305.207
-295.587
-308.985
-321.28
-299.488
-313.842
-302.603
-287.68
-303.941
-314.506
-299.736
-319.453
-317.678
-308.707
-301.681
-300.349
-284.76
-294.169
-318.864
-310.514
-307.242
-292.65
-294.154
-292.214
-310.458
-294.302
-291.183
-285.444
-300.475
-308.701
-303.086
-303.745
-310.058
-302.196
-303.679
-312.242
-315.817
-308.782
-314.242
-312.111
-294.966
-297.766
-315.127
-305.483
-288.919
-288.638
-305.969
-293.151
-311.907
-294.772
-301.588
-305.707
-300.092
-292.553
-274.033
-283.926
-278.989
-270.16
-286.145
-277.579
-265.584
-282.145
-287.233
-271.171
-276.938
-281.467
-293.204
-282.11
-292.317
-296.177
-294.939
-278.943
-265.973
-276.489
-279.394
-280.733
-289.871
-284.094
-281.737
-273.921
-265.346
-285.071
-298.031
-288.506
-290.838
-307.48
-311.459
-300.548
-282.891
-297.044
-292.21
-287.791
-298.366
-293.668
-295.321
-299.542
-278.262
-282.921
-288.161
-279.087
-286.276
-286.1
-306.483
-311.867
-292.204
-287.369
-284.057
-279.956
-288.009
-275.045
-287.918
-276.593
-278.588
-282.669
-282.945
-289.699
-296.681
-287.728
-311.88
-305.727
-308.479
-307.271
-289.281
-303.461
-311.099
-292.48
-296.633
-305.625
-285.067
-293.98
-299.395
-301.866
-289.617
-285.717
-289.395
-301.041
-282.883
-289.229
-305.801
-285.445
-293.909
-306.127
-286.85
-286.817
-287.293
-291.153
-282.929
-298.796
-289.524
-292.049
-293.849
-293.5
-301.617
-305.722
-291.424
-261.176
-276.479
-292.852
-293.027
-297.922
-288.355
-297.422
-273.582
-273.594
-284.28
-286.712
-284.747
-297.703
-273.478
-290.402
-290.805
-287.4
-299.416
-310.959
-301.871
-311.138
-311.568
-310.918
-306.242
-296.879
-289.004
-313.214
-319.236
-296.34
-292.728
-304.055
-299.799
-307.609
-298.307
-309.972
-300.089
-307.124
-299.66
-304.393
-303.069
-305.153
-318.055
-306.472
-291.512
-308.811
-314.252
-313.568
-311.426
-302.427
-300.722
-299.947
-296.024
-301.971
-295.566
-303.336
-314.552
-322.701
-322.292
-312.773
-304.064
-299.774
-294.736
-296.181
-302.154
-293.79
-296.76
-306.567
-310.334
-310.203
-305.122
-313.225
-299.768
-296.816
-299.052
-284.66
-301.048
-315.791
-320.013
-308.134
-310.16
-310.623
-299.103
-315.904
-307.86
-299.153
-304.192
-303.512
-298.583
-305.422
-324.409
-311.523
-303.631
-298.596
-299.739
-295.426
-303.029
-292.978
-302.801
-302.019
-296.184
-296.025
-294.602
-293.561
-300.887
-287.759
-299.984
-299.832
-295.51
-294.46
-299.644
-287.724
-280.63
-293.6
-285.342
-284.617
-290.642
-290.213
-303.618
-305.917
-297.598
-308.689
-306.415
-301.755
-296.819
-297.263
-295.254
-301.79
-299.511
-306.816
-310.181
-306.36
-314.862
-315.095
-318.496
-295.439
-306.444
-309.362
-314.838
-306.424
-306.1
-303.297
-300.291
-302.67
-316.433
-316.896
-319.991
-290.617
-294.977
-310.242
-308.958
-301.851
-306.843
-312.874
-308.312
-301.608
-302.071
-294.214
-312.578
-302.848
-301.645
-293.885
-319.484
-321.188
-312.793
-304.67
-323.863
-316.681
-309.054
-304.919
-315.046
-318.514
-328.945
-295.883
-302.183
-317.609
-309.755
-287.801
-308.675
-321.306
-314.944
-307.86
-318.574
-330.065
-300.406
-319.544
-307.12
-317.599
-302.345
-300.578
-316.358
-301.373
-310.371
-306.188
-310.861
-309.413
-303.702
-299.008
-306.677
-304.419
-291.347
-282.801
-290.697
-301.242
-296.237
-296.567
-286.52
-293.576
-306.348
-297.31
-303.47
-297.182
-291.16
-295.146
-284.622
-291.439
-290.494
-291.213
-294.658
-280.29
-303.086
-292.955
-285.561
-276.778
-276.871
-309.196
-297.409
-308.189
-300.144
-293.288
-264.696
-281.261
-283.732
-274.978
-287.61
-299.177
-279.745
-293.842
-313.925
-289.33
-294.548
-280.932
-292.467
-291.576
-292.065
-308.875
-299.583
-285.221
-291.464
-290.868
-296.074
-298.665
-290.874
-295.322
-298.48
-299.562
-289.911
-295.292
-287.167
-295.752
-277.635
-272.17
-275.612
-295.292
-278.145
-287.526
-302.891
-293.725
-299.505
-293.625
-278.382
-284.481
-290.728
-298.839
-280.971
-275.638
-297.982
-293.474
-294.954
-285.381
-297.288
-290.516
-303.73
-304.128
-306.807
-297.665
-297.504
-295.872
-301.497
-293.112
-300.522
-300.491
-282.477
-290.178
-296.008
-294.626
-291.448
-292.287
-282.737
-287.48
-283.696
-280.12
-296.499
-321.945
-301.538
-308.884
-312.716
-310.65
-297.136
-306.15
-314.19
-296.122
-301.685
-327.728
-315.387
-303.851
-292.642
-300.418
-309.398
-316.921
-300.99
-303.176
-303.568
-307.334
-326.147
-311.101
-306.865
-309.059
-304.491
-294.328
-289.474
-286.093
-297.416
-303.228
-305.796
-293.768
-312.707
-308.439
-306.402
-310.849
-291.775
-306.609
-306.848
-311.361
-315.839
-300.817
-311.589
-303.572
-311.454
-307.525
-308.473
-297.677
-311.379
-314.393
-315.655
-304.868
-306.777
-306.857
-296.594
-297.797
-297.695
-293.646
-291.199
-305.773
-302.644
-307.059
-308.194
-304.256
-313.218
-302.196
-311.208
-303.574
-301.94
-306.096
-306.7
-294.304
-308.469
-319.558
-303.943
-304.082
-317.754
-283.671
-299.143
-305.465
-312.316
-318.148
-309.759
-311.114
-313.994
-309.482
-304.785
-299.187
-312.424
-305.015
-309.984
-296.574
-318.783
-305.764
-307.198
-297.413
-251.439
-260.145
-283.79
-293.596
-297.009
-292.947
-279.567
-292.379
-296.298
-279.3
-268.696
-267.844
-281.638
-299.447
-299.788
-301.342
-300.574
-306.888
-298.613
-298.839
-296.419
-298.447
-296.8
-292.992
-298.972
-304.216
-290.337
-301.323
-279.85
-298.907
-289.89
-289.096
-299.216
-266.858
-297.557
-292.592
-291.085
-304.647
-292.28
-292.673
-284.915
-306.282
-286.798
-308.086
-305.892
-305.46
-296.69
-294.833
-306.325
-300.076
-291.087
-302.28
-294.898
-290.161
-282.403
-306.371
-295.785
-295.141
-301.561
-305.538
-297.893
-297.678
-295.901
-293.02
-294.629
-298.603
-298.254
-290.664
-282.935
-299.748
-286.923
-290.717
-289.453
-280.404
-288.083
-300.92
-296.495
-291.407
-287.681
-267.766
-276.709
-293.351
-278.743
-285.329
-287.078
-300.338
-303.215
-297.647
-303.894
-305.046
-299.455
-288.998
-294.661
-301.355
-311.406
-302.401
-308.488
-328.286
-311.086
-290.241
-298.884
-276.771
-292.055
-280.199
-276.008
-273.796
-299.312
-304.186
-290.148
-300.998
-290.948
-278.637
-286.988
-287.085
-295.733
-288.212
-287.048
-286.451
-284.128
-292.536
-294.744
-277.271
-302.477
-306.161
-292.337
-289.644
-312.122
-299.888
-295.815
-264.509
-288.082
-295.548
-279.506
-276.956
-279.953
-283.681
-281.997
-287.58
-307.839
-299.776
-285.963
-287.502
-291.424
-285.209
-279.775
-288.124
-301.726
-294.053
-287.925
-282.877
-296.163
-300.716
-306.206
-291.792
-283.081
-297.733
-286.317
-287.935
-299.101
-287.914
-273.486
-281.992
-291.865
-303.966
-301.177
-278.935
-302.724
-315.374
-295.462
-291.618
-294.009
-295.556
-315.002
-301.989
-303.962
-293.992
-293.548
-291.05
-301.592
-307.647
-302.615
-299.198
-313.944
-294.884
-288.225
-306.838
-290.096
-313.284
-303.395
-293.956
-297.702
-308.131
-311.022
-302.483
-292.202
-308.404
-303.882
-291.843
-313.23
-281.55
-259.407
-266.11
-260.816
-267.129
-280.853
-277.99
-298.41
-279.162
-285.629
-281.485
-273.912
-278.093
-283.75
-294.546
-298.184
-280.508
-277.166
-269.459
-286.735
-279.057
-259.156
-282.016
-285.511
-287.627
-271.622
-299.15
-289.14
-277.23
-271.152
-282.262
-276.759
-281.351
-275.247
-271.03
-265.037
-280.498
-265.182
-273.077
-253.71
-268.823
-292.071
-299.169
-284.735
-272.026
-279.06
-284.547
-282.03
-270.965
-276.29
-281.395
-294.011
-303.593
-303.986
-308.437
-291.457
-290.663
-291.216
-282.722
-272.539
-278.345
-295.797
-291.883
-265.37
-278.613
-274.861
-278.793
-280.765
-293.099
-286.222
-290.507
-295.519
-283.306
-288.568
-282.786
-293.108
-304.094
-289.103
-277.884
-289.859
-264.979
-269.189
-282.947
-284.566
-278.483
-289.097
-287.05
-281.069
-297.223
-290.805
-282.347
-285.646
-295.431
-267.314
-278.003
-292.622
-287.585
-298.837
-284.486
-286.452
-281.171
-249.506
-260.981
-273.376
-277.488
-289.154
-293.61
-300.024
-312.615
-307.463
-284.086
-287.202
-298.91
-308.338
-305.554
-306.919
-283.582
-283.075
-291.997
-279.404
-287.523
-272.491
-300.259
-301.119
-313.945
-296.755
-309.401
-292.097
-286.643
-285.394
-281.585
-297.693
-292.239
-295.263
-276.468
-292.746
-289.11
-293.258
-303.355
-279.728
-287.061
-295.597
-301.239
-293.639
-293.096
-283.929
-282.322
-293.373
-290.854
-292.472
-285.667
-284.888
-289.838
-281.154
-287.529
-300.649
-311.418
-320.028
-298.777
-302.165
-316.471
-302.052
-304.268
-308.953
-303.023
-298.581
-293.376
-314.808
-307.03
-306.759
-296.55
-288.617
-299.735
-301.692
-300.814
-312.769
-301.624
-300.577
-292.231
-315.146
-311.377
-304.02
-314.37
-313.391
-306.635
-293.67
-301.346
-318.982
-293.308
-294.242
-288.163
-291.809
-294.184
-295.409
-290.135
-300.974
-306.483
-318.157
-311.309
-298.264
-300.092
-309.099
-310.141
-301
-307.599
-307.982
-290.333
-302.487
-304.245
-318.372
-319.967
-309.856
-295.28
-291.841
-308.502
-314.752
-303.756
-304.81
-309.069
-300.298
-292.34
-284.386
-303.912
-298.159
-316.68
-297.731
-291.533
-318.265
-319.087
-321.523
-298.836
-317.623
-296.171
-302.213
-312.44
-313.094
-314.61
-313.257
-301.835
-306.978
-324.992
-314.13
-301.964
-299.145
-315.579
-306.72
-307.668
-298.91
-313.539
-298.065
-293.373
-302.653
-296.144
-295.123
-288.975
-290.141
-301.977
-310.144
-292.926
-302.395
-291.648
-295.192
-304.957
-295.917
-304.503
-297.524
-288.946
-288.241
-301.817
-290.673
-295.611
-302.828
-302.026
-301.243
-310.549
-307.255
-319.539
-312.534
-305.136
-292.825
-298.104
-288.108
-304.77
-304.094
-300.456
-310.725
-314.94
-299.566
-307.806
-309.391
-305.412
-294.384
-294.844
-298.84
-292.938
-299.636
-314.546
-290.404
-301.456
-304.571
-303.172
-255.823
-259.997
-285.563
-297.263
-286.134
-286.405
-297.3
-297.65
-294.579
-292.694
-303.262
-292.811
-302.234
-310.998
-311.319
-301.268
-320.106
-300.985
-310.807
-306.024
-293.382
-295.725
-303.445
-316.738
-306.462
-306.113
-296.503
-306.954
-315.504
-303.897
-304.563
-300.461
-302.061
-304.605
-311.868
-321.46
-283.94
-307.923
-301.919
-301.863
-314.494
-304.934
-311.497
-304.22
-300.589
-319.58
-295.051
-299.407
-295.95
-303.484
-300.791
-300.469
-307.457
-290.05
-302.083
-325.742
-303.658
-308.493
-303.532
-294.719
-303.594
-293.767
-317.179
-307.539
-304.576
-309.241
-307.155
-310.692
-311.164
-313.369
-307.622
-310.484
-289.451
-300.18
-300.889
-304.525
-305.226
-308.456
-311.073
-318.487
-312.452
-317.119
-322.213
-316.967
-310.411
-313.605
-307.094
-310.06
-317.476
-312.265
-312.312
-305.24
-317.266
-317.746
-298.107
-300.455
-307.646
-317.644
-304.672
-307.58
-276.8
-283.266
-288.169
-306.966
-286.95
-289.656
-301.563
-291.216
-289.598
-289.28
-307.292
-292.542
-310.483
-294.031
-307.554
-313.171
-311.009
-308.479
-297.427
-298.359
-305.525
-295.187
-288.325
-312.424
-300.819
-309.021
-308.058
-311.816
-313.33
-297.638
-294.638
-327.616
-323.69
-314.498
-322.499
-315.851
-308.29
-321.115
-304.604
-314.141
-308.508
-322.145
-320.995
-315.949
-329.024
-330.458
-322.507
-328.111
-310.842
-314.001
-319.937
-316.041
-312.522
-304.47
-312.296
-315.087
-321.277
-308.167
-315.46
-300.959
-294.132
-295.258
-312.624
-304.742
-313.881
-328.689
-329.231
-300.244
-308.966
-305.697
-303.335
-317.441
-324.111
-320.856
-323.257
-320.144
-319.091
-315.56
-320.764
-329.477
-313.067
-312.904
-311.213
-301.866
-313.001
-296.126
-304.778
-295.838
-309.256
-306.373
-311.042
-315.371
-319.079
-329.52
-322.476
-309.265
-315.434
-322.004
-324.292
-324.592
-318.025
-307.919
-321.789
-313.366
-302.305
-311.09
-297.175
-308.009
-323.731
-319.181
-312.267
-297.67
-312.182
-308.444
-313.948
-298.546
-303.391
-301.793
-294.411
-313.206
-307.393
-292.21
-289.279
-289.377
-308.397
-313.199
-314.987
-297.921
-320.002
-301.165
-304.642
-302.055
-292.042
-290.996
-311.215
-313.482
-302.816
-297.807
-303.131
-307.706
-303.188
-295.473
-308.123
-302.905
-308.279
-305.928
-325.332
-320.006
-305.423
-306.173
-292.889
-306.185
-303.945
-300.511
-300.643
-323.446
-292.124
-288.909
-297.172
-310.962
-312.746
-317.112
-312.259
-307.422
-311.609
-329.731
-319.092
-305.483
-302.819
-313.782
-329.451
-304.633
-314.542
-319.863
-316.826
-326.456
-306.415
-334.55
-318.228
-303.057
-311.867
-312.945
-321.472
-328.66
-329.175
-321.05
-330.097
-332.186
-335.416
-319.099
-316.957
-320.292
-332.998
-333.087
-309.544
-318.704
-329.79
-326.615
-340.306
-335.73
-305.51
-311.416
-301.169
-294.183
-300.963
-300.811
-297.74
-291.037
-281.555
-288.718
-308.204
-302.856
-309.41
-290.082
-294.446
-301.816
-300.267
-308.313
-315.323
-303.117
-294.43
-300.561
-302.99
-305.556
-304.954
-306.377
-303.838
-310.102
-312.846
-303.266
-302.936
-285.34
-283.336
-297.152
-298.282
-290.492
-305.187
-312.593
-306.723
-325.493
-309.45
-313.564
-300.975
-303.714
-302.242
-312.156
-309.181
-306.53
-319.316
-302.575
-323.485
-320.225
-306.535
-303.169
-327.647
-314.376
-307.166
-319.262
-314.928
-297.739
-311.66
-313.6
-318.891
-327.26
-327.238
-310.971
-296.663
-298.23
-319.633
-305.376
-309.713
-311.348
-308.365
-298.566
-296.794
-301.894
-308.005
-334.021
-317.265
-307.023
-308.541
-319.057
-324.887
-319.27
-303.106
-309.318
-302.609
-318.343
-326.776
-324.602
-324.707
-330.999
-334.554
-319.473
-311.206
-305.93
-302.957
-310.938
-320.918
-307.349
-333.507
-339.799
-334.587
-326.072
-332.865
-343.069
-328.717
-327.11
-319.979
-322.752
-311.146
-325.605
-330.564
-337.358
-335.57
-331.02
-326.239
-312.98
-318.353
-333.214
-326.771
-311.903
-313.353
-310.066
-328.194
-345.611
-339.293
-333.82
-331.333
-325.057
-331.941
-332.919
-326.033
-311.545
-329.44
-320.629
-329.273
-325.973
-315.194
-325.858
-345.102
-330.858
-321.044
-331.054
-337.31
-337.199
-343.929
-323.809
-324.997
-318.881
-320.216
-318.59
-318.167
-324.293
-320.637
-332.306
-334.323
-317.859
-336.467
-315.822
-310.048
-334.269
-321.704
-319.484
-310.936
-306.433
-311.459
-312.162
-321.614
-314.131
-309.832
-317.868
-319.987
-315.455
-314.723
-330.481
-324.575
-333.289
-328.981
-338.197
-342.691
-332.44
-320.193
-312.936
-325.14
-321.383
-330.022
-336.578
-318.33
-323.157
-319.444
-317.85
-351.603
-353.422
-333.345
-337.8
-355.112
-335.957
-329.759
-324.268
-264.181
-266.491
-293.826
-305.254
-288.749
-302.226
-305.055
-300.198
-299.998
-295.962
-308.606
-306.666
-307.65
-308.514
-295.874
-308.953
-303.868
-312.505
-327.136
-309.602
-317.615
-294.833
-269.934
-283.443
-292.449
-288.988
-316.362
-315.664
-324.028
-301.791
-306.518
-291.967
-296.65
-301.454
-313.04
-297.797
-302.299
-312.236
-313.144
-302.732
-293.17
-287.916
-305.603
-307.79
-300.003
-304.196
-306.108
-309.443
-299.461
-297.779
-304.116
-311.253
-327.585
-317.355
-328.476
-303.807
-292.789
-305.399
-305.976
-306.826
-306.408
-299.649
-307.813
-294.662
-291.888
-313.417
-317.814
-320.477
-315.736
-312.712
-331.493
-308.506
-306.619
-311.863
-303.225
-303.004
-300.874
-311.387
-289.93
-309.914
-296.6
-310.867
-309.979
-320.15
-315.507
-300.252
-298.568
-315.437
-289.57
-303.913
-311.336
-307.195
-315.912
-313.54
-314.472
-299.75
-311.022
-307.953
-293.788
-307.297
-302.064
-290.289
-304.805
-298.357
-291.187
-316.542
-305.877
-314.187
-330.815
-323.789
-307.083
-299.646
-320.842
-311.922
-317.603
-316.025
-309.368
-317.072
-311.59
-309.835
-310.169
-315.806
-315.746
-320.253
-310.107
-300.058
-308.916
-304.146
-314.382
-304.083
-302.623
-309.862
-317.403
-318.176
-315.173
-299.675
-313.093
-314.349
-313.73
-324.136
-308.544
-308.014
-315.84
-304.626
-302.439
-303.753
-312.408
-291.338
-308.14
-307.882
-299.437
-310.859
-302.551
-309.898
-297.933
-316.003
-302.202
-308.711
-308.282
-301.674
-310.692
-296.128
-319.644
-319.93
-320.826
-325.052
-307.723
-301.491
-314.3
-311.407
-313.385
-309.768
-309.945
-308.512
-290.478
-312.778
-319.022
-319.704
-305.819
-317.792
-312.753
-325.95
-318.346
-312.32
-309.192
-324.111
-322.439
-304.494
-316.692
-312.249
-310.962
-310.973
-298.931
-300.344
-301.286
-307.43
-308.556
-318.528
-325.602
-310.489
-284.162
-287.774
-259.525
-273.114
-275.775
-284.007
-293.032
-290.468
-286.094
-286.657
-289.871
-292.191
-289.781
-293.326
-319.031
-316.197
-297.76
-304.787
-294.036
-311.839
-299.979
-307.673
-294.216
-298.462
-281.66
-298.847
-292.356
-312.081
-316.671
-305.529
-288.855
-294.058
-291.424
-306.018
-293.984
-298.078
-277.921
-302.952
-310.051
-308.014
-310.764
-314.513
-314.457
-302.707
-323.919
-314.928
-320.443
-316.959
-314.8
-300.41
-314.505
-322.69
-327.731
-314.085
-322.269
-315.242
-328.021
-322.187
-298.501
-282.158
-300.36
-292.755
-296.777
-300.065
-297.315
-315.439
-307.109
-313.175
-323.184
-324.832
-301.719
-305.975
-326.752
-321.901
-324.734
-311.665
-291.191
-312.977
-307.64
-302.146
-326.487
-306.711
-298.127
-309.453
-295.778
-317.43
-318.9
-297.594
-304.356
-311.768
-318.628
-317.216
-308.262
-313.679
-323.835
-328.288
-320.516
-322.238
-307.613
-316.511
-302.431
-301.387
-297.356
-295.933
-293.852
-318.941
-331.216
-321.843
-304.226
-316.069
-328.739
-318.971
-308.028
-327.422
-318.928
-318.233
-308.655
-314.775
-316.68
-309.931
-303.876
-305.532
-309.341
-303.436
-298.986
-300.616
-314.239
-294.625
-305.885
-303.755
-305.855
-312.248
-315
-311.805
-309.647
-314.107
-324.631
-310.116
-312.469
-311.749
-310.197
-322.133
-316.359
-309.402
-308.911
-311.824
-317.877
-309.649
-327.301
-321.893
-302.234
-313.602
-313.956
-316.055
-299.187
-301.384
-309.244
-300.48
-299.136
-317.757
-311.454
-316.025
-329.154
-309.291
-316.298
-326.831
-307.81
-307.278
-324.588
-324.819
-324.716
-326.982
-323.638
-321.72
-312.092
-309.846
-313.106
-321.419
-317.461
-314.595
-308.97
-302.57
-311.138
-300.069
-316.767
-318.397
-308.81
-316.213
-316.083
-314.49
-321.02
-318.169
-324.189
-308.102
-311.315
-308.305
-307.151
-322.426
-326.122
-329.117
-295.725
-295.916
-304.88
-298.816
-291.3
-296.631
-300.911
-291.81
-290.91
-293.304
-299.28
-296.296
-304.901
-288.832
-298.713
-309.834
-294.14
-290.263
-292.456
-305.883
-301.695
-294.917
-294.353
-288.573
-300.148
-284.691
-305.591
-300.857
-296.534
-303.323
-302.723
-299.426
-308.056
-310.549
-294.424
-302.999
-312.109
-289.171
-299.963
-293.067
-308.553
-307.207
-286.758
-286.26
-304.675
-296.964
-299.085
-292.218
-293.633
-300.71
-293.557
-278.756
-291.287
-281.092
-281.685
-307.099
-288.862
-293.434
-299.972
-282.661
-303.584
-305.778
-293.952
-292.675
-298.501
-301.657
-304.985
-289.829
-297.041
-280.464
-291.735
-301.631
-294.774
-310.188
-302.146
-292.385
-284.398
-297.532
-297.199
-299.233
-306.166
-310.36
-303.356
-287.212
-294.473
-304.38
-287.114
-292.975
-302.967
-299.163
-294.496
-285.505
-289.649
-303.416
-293.697
-292.089
-297.329
-291.634
-301.288
-293.336
-245.968
-262.054
-260.154
-275.812
-271.818
-277.468
-286.355
-278.978
-287.487
-278.861
-279.507
-288.347
-289.742
-302.629
-291.494
-294.764
-310.76
-292.536
-274.771
-295.734
-320.85
-333.958
-318.853
-330.721
-337.336
-316.585
-316.365
-310.926
-329.661
-330.436
-333.433
-347.602
-342.038
-348.744
-329.087
-329.459
-330.777
-315.299
-323.777
-323.158
-310.826
-328.678
-337.988
-336.522
-317.018
-319.538
-327.276
-329.142
-343.807
-333.327
-349.092
-338.345
-317.04
-341.359
-330.345
-319.096
-329.402
-326.101
-334.591
-321.975
-320.303
-325.776
-314.925
-326.283
-310.416
-320.327
-345.785
-344.549
-335.165
-316.426
-327.526
-325.708
-316.229
-336.901
-303.029
-320.812
-335.092
-313.531
-310.246
-301.337
-320.738
-316.974
-313.937
-327.127
-328.178
-331.175
-331.347
-332.347
-331.905
-342.348
-331.586
-335.073
-327.857
-338.643
-346.119
-327.93
-340.518
-328.194
-325.226
-329.661
-299.743
-308.235
-317.206
-308.572
-324.786
-309.278
-316.357
-321.159
-318.584
-301.955
-314.32
-334.434
-337.665
-332.936
-324.66
-312.258
-328.073
-332.082
-316.414
-317.047
-323.523
-316.367
-329.463
-317.039
-323.958
-327.457
-309.49
-305.999
-319.186
-306.058
-303.619
-315.255
-311.058
-317.049
-312.68
-317.968
-322.046
-312.698
-325.112
-331.373
-346.676
-338.081
-336.594
-331.4
-334.507
-330.953
-336.277
-325.638
-339.007
-323.834
-326.459
-322.427
-345.104
-336.669
-323.677
-334.036
-327.143
-320.383
-325.502
-339.55
-343.579
-347.206
-329.367
-342.194
-320.594
-337.211
-331.824
-341.245
-334.13
-327.336
-317.222
-333.481
-332.036
-343.764
-324.887
-322.242
-330.488
-341.683
-329.385
-334.028
-348.652
-361.852
-342.982
-343.689
-337.393
-347.24
-352.877
-342.782
-335.603
-353.513
-352.09
-355.721
-344.038
-357.787
-356.589
-355.968
-338.219
-352.323
-332.599
-341.48
-340.011
-331.929
-337.642
-331.805
-326.786
-327.907
-333.285
-335.218
-336.541
-328.64
-330.212
-324.238
-343.68
-355.72
-325.038
-346.443
-333.942
-348.934
-333.276
-361.899
-344.693
-325.921
-350.21
-341.242
-336.106
-337.129
-344.805
-330.73
-327.286
-348.864
-351.577
-345.828
-330.816
-329.491
-331.075
-334.911
-336.572
-349.702
-359.678
-332.839
-356.712
-324.959
-325.45
-346.989
-329.305
-332.213
-342.856
-327.26
-345.721
-339.109
-339.778
-334.72
-341.216
-348.691
-336.187
-336.983
-355.247
-351.557
-358.284
-330.087
-345.505
-353.887
-342.161
-313.074
-338.254
-337.521
-342.191
-348.801
-361.008
-355.19
-348.795
-348.014
-335.776
-340.291
-344.966
-341.537
-345.872
-363.627
-356.647
-332.608
-356.896
-346.798
-343.546
-345.881
-370.549
-360.833
-330.202
-339.532
-350.039
-357.973
-356.531
-350.208
-350.894
-355.598
-352.409
-352.43
-342.439
-343.574
-336.795
-344.563
-331.121
-325.305
-320.644
-323.489
-338.549
-318.99
-312.951
-323.399
-319.477
-325.864
-331.831
-333.736
-328.598
-326.999
-325.484
-317.148
-320.636
-327.864
-349.996
-336.221
-337.93
-333.071
-322.991
-319.171
-322.877
-338.11
-348.039
-337.08
-335.198
-338.706
-329.147
-320.07
-323.417
-310.244
-335.063
-341.417
-329.838
-309.126
-325.178
-321.412
-339.116
-352.5
-335.011
-320.474
-328.68
-328.638
-344.308
-327.782
-327.149
-328.737
-327.668
-313.387
-323.409
-327.72
-335.227
-326.681
-313.036
-342.739
-342.669
-325.226
-333.675
-331.173
-330.846
-338.401
-341.598
-344.89
-355.747
-350.339
-347.705
-355.307
-345.202
-354.221
-348.939
-357.251
-344.869
-330.614
-350.032
-361.328
-343.157
-333.233
-341.81
-340.698
-339.001
-346.716
-340.354
-328.64
-340.993
-340.83
-332.294
-327.537
-344.05
-335.08
-349.657
-347.402
-337.514
-342.109
-340.544
-344.877
-350.096
-354.481
-308.061
-311.864
-324.084
-329.65
-316.464
-315.272
-326.048
-346.926
-332.213
-331.075
-329.321
-341.599
-336.118
-338.027
-324.78
-336.928
-338.529
-353.855
-338.991
-325.26
-348.257
-345.558
-328.261
-332.359
-321.372
-337.04
-327.494
-330.035
-328.317
-317.893
-309.033
-341.515
-341.143
-324.038
-316.72
-314.436
-311.333
-334.507
-347.471
-337.444
-335.517
-344.764
-341.468
-331.968
-341.952
-341.964
-336.588
-332.907
-323.602
-308.039
-320.313
-323.141
-319.04
-317.185
-326.252
-318.29
-326.477
-339.337
-346.106
-342.43
-343.481
-337.382
-352.641
-340.27
-323.476
-330.185
-333.556
-327.327
-331.294
-340.939
-323.774
-330.862
-331.264
-333.775
-318.861
-325.722
-315.596
-329.101
-324.768
-321.753
-328.748
-328.815
-336.745
-360.272
-350.181
-341.687
-346.55
-340.661
-348.114
-355.203
-339.383
-344.142
-356.176
-341.696
-344
-333.278
-342.879
-354.481
-351.723
-345.688
