0 0 0 
0 1 0 
0 1 1 
0 0 1 
1 0 1 
1 0 2 
1 -1 2 
0 -1 2 
0 0 2 
0 0 3 
-1 0 3 
-1 1 3 
-1 1 2 
0 1 2 
0 1 3 
1 1 3 
1 1 4 
0 1 4 
-1 1 4 
-2 1 4 
-2 1 3 
-2 2 3 
-2 2 2 
-1 2 2 
0 2 2 
0 3 2 
0 3 3 
0 4 3 
0 4 4 
-1 4 4 
-1 3 4 
-1 3 5 
-2 3 5 
-2 4 5 
-2 4 6 
-2 3 6 
-3 3 6 
-4 3 6 
-4 2 6 
-3 2 6 
-3 1 6 
-3 1 5 
-2 1 5 
-2 1 6 
-2 1 7 
-3 1 7 
-3 2 7 
-3 3 7 
-3 3 8 
-4 3 8 
-5 3 8 
-5 3 9 
-5 3 10 
-5 3 11 
-5 3 12 
-5 2 12 
-5 2 13 
-6 2 13 
-6 2 12 
-7 2 12 
-7 1 12 
-7 1 13 
-7 0 13 
-7 0 12 
-7 -1 12 
-6 -1 12 
-6 -1 11 
-6 -2 11 
-7 -2 11 
-7 -3 11 
-8 -3 11 
-8 -3 10 
-8 -4 10 
-8 -4 9 
-7 -4 9 
-6 -4 9 
-6 -4 8 
-6 -5 8 
-5 -5 8 
-5 -5 7 
-6 -5 7 
-6 -5 6 
-6 -4 6 
-6 -4 5 
-6 -3 5 
-6 -3 6 
-6 -2 6 
-7 -2 6 
-7 -2 7 
-7 -3 7 
-7 -3 8 
-6 -3 8 
-5 -3 8 
-5 -3 7 
-4 -3 7 
-3 -3 7 
-3 -4 7 
-3 -5 7 
-3 -5 8 
-4 -5 8 
-4 -6 8 
-4 -6 7 
-4 -5 7 
-4 -4 7 
-4 -4 6 
-5 -4 6 
-5 -4 7 
-6 -4 7 
-7 -4 7 
-8 -4 7 
-8 -4 8 
-8 -3 8 
-9 -3 8 
-9 -3 9 
-9 -4 9 
-9 -5 9 
-9 -6 9 
-9 -6 10 
-8 -6 10 
-8 -6 11 
-7 -6 11 
-7 -5 11 
-7 -5 12 
-7 -4 12 
-7 -4 13 
-7 -5 13 
-6 -5 13 
-6 -5 14 
-6 -6 14 
-5 -6 14 
-5 -7 14 
-6 -7 14 
-7 -7 14 
-7 -7 15 
-8 -7 15 
-8 -8 15 
-7 -8 15 
-7 -9 15 
-6 -9 15 
-5 -9 15 
-5 -10 15 
-6 -10 15 
-6 -11 15 
-6 -12 15 
-6 -12 16 
-6 -11 16 
-6 -11 17 
-6 -11 18 
-7 -11 18 
-7 -11 19 
-8 -11 19 
-8 -10 19 
-8 -10 20 
-9 -10 20 
-10 -10 20 
-10 -10 21 
-10 -9 21 
-9 -9 21 
-9 -10 21 
-9 -11 21 
-10 -11 21 
-10 -11 20 
-10 -11 19 
-10 -12 19 
-11 -12 19 
-11 -11 19 
-11 -11 18 
-11 -11 17 
-11 -12 17 
-11 -12 16 
-11 -12 15 
-11 -13 15 
-10 -13 15 
-9 -13 15 
-9 -13 16 
-9 -13 17 
-9 -14 17 
-9 -15 17 
-9 -15 16 
-9 -15 15 
-10 -15 15 
-10 -15 16 
-10 -15 17 
-11 -15 17 
-11 -15 18 
-11 -16 18 
-11 -16 17 
-11 -16 16 
-11 -17 16 
-11 -17 17 
-12 -17 17 
-13 -17 17 
-13 -17 18 
-13 -18 18 
-13 -19 18 
-14 -19 18 
-15 -19 18 
-15 -20 18 
-16 -20 18 
-17 -20 18 
-18 -20 18 
-18 -19 18 
-18 -19 17 
-18 -18 17 
-18 -18 16 
-18 -18 15 
-17 -18 15 
-17 -18 16 
-17 -18 17 
-17 -18 18 
-16 -18 18 
-16 -18 19 
-17 -18 19 
-17 -19 19 
-18 -19 19 
-18 -19 20 
-18 -18 20 
-18 -17 20 
-18 -17 19 
-18 -18 19 
-19 -18 19 
-19 -19 19 
-19 -20 19 
-18 -20 19 
-17 -20 19 
-17 -21 19 
-17 -21 20 
-17 -20 20 
-18 -20 20 
-19 -20 20 
-20 -20 20 
-20 -19 20 
-21 -19 20 
-22 -19 20 
-22 -19 19 
-22 -18 19 
-23 -18 19 
-23 -19 19 
-23 -20 19 
-22 -20 19 
-22 -20 18 
-22 -20 17 
-22 -21 17 
-22 -21 18 
-21 -21 18 
-21 -20 18 
-20 -20 18 
-20 -20 19 
-20 -19 19 
-20 -19 18 
-20 -18 18 
-19 -18 18 
-19 -17 18 
-19 -16 18 
-19 -16 17 
-19 -17 17 
-18 -17 17 
-18 -16 17 
-18 -15 17 
-18 -15 18 
-17 -15 18 
-16 -15 18 
-16 -14 18 
-16 -13 18 
-17 -13 18 
-17 -13 17 
-16 -13 17 
-16 -12 17 
-17 -12 17 
-17 -12 16 
-17 -13 16 
-17 -13 15 
-17 -13 14 
-18 -13 14 
-18 -12 14 
-18 -11 14 
-19 -11 14 
-19 -10 14 
-19 -10 15 
-19 -11 15 
-19 -11 16 
-18 -11 16 
-18 -11 17 
-17 -11 17 
-17 -11 16 
-17 -10 16 
-17 -9 16 
-18 -9 16 
-18 -8 16 
-18 -8 15 
-18 -9 15 
-17 -9 15 
-17 -9 14 
-17 -8 14 
-17 -7 14 
-18 -7 14 
-19 -7 14 
-19 -7 13 
-19 -6 13 
-19 -5 13 
-19 -4 13 
-19 -4 14 
-19 -3 14 
-20 -3 14 
-21 -3 14 
-21 -2 14 
-22 -2 14 
-22 -3 14 
-23 -3 14 
-23 -4 14 
-22 -4 14 
-21 -4 14 
-21 -4 15 
-20 -4 15 
-20 -5 15 
-20 -5 16 
-20 -4 16 
-20 -4 17 
-20 -5 17 
-19 -5 17 
-19 -5 16 
-19 -6 16 
-19 -6 17 
-19 -6 18 
-19 -5 18 
-20 -5 18 
-21 -5 18 
-22 -5 18 
-22 -5 17 
-22 -6 17 
-22 -6 18 
-21 -6 18 
-21 -6 19 
-21 -6 20 
-21 -6 21 
-21 -5 21 
-20 -5 21 
-19 -5 21 
-18 -5 21 
-17 -5 21 
-16 -5 21 
-16 -4 21 
-15 -4 21 
-14 -4 21 
-14 -5 21 
-13 -5 21 
-13 -5 20 
-12 -5 20 
-12 -5 21 
-12 -6 21 
-12 -7 21 
-12 -8 21 
-12 -9 21 
-12 -10 21 
-12 -10 20 
-12 -10 19 
-12 -11 19 
-12 -11 20 
-12 -11 21 
-12 -12 21 
-12 -12 20 
-11 -12 20 
-11 -13 20 
-12 -13 20 
-12 -14 20 
-11 -14 20 
-10 -14 20 
-9 -14 20 
-9 -15 20 
-9 -15 19 
-9 -14 19 
-9 -14 18 
-9 -13 18 
-8 -13 18 
-8 -14 18 
-8 -15 18 
-7 -15 18 
-7 -15 19 
-6 -15 19 
-6 -14 19 
-6 -14 18 
-5 -14 18 
-5 -15 18 
-4 -15 18 
-4 -15 17 
-4 -16 17 
-4 -16 16 
-4 -15 16 
-5 -15 16 
-5 -15 15 
-5 -16 15 
-5 -16 14 
-6 -16 14 
-6 -15 14 
-6 -15 13 
-6 -14 13 
-6 -14 14 
-7 -14 14 
-8 -14 14 
-8 -14 15 
-8 -13 15 
-8 -13 14 
-8 -13 13 
-8 -13 12 
-7 -13 12 
-6 -13 12 
-5 -13 12 
-4 -13 12 
-3 -13 12 
-3 -13 11 
-3 -14 11 
-2 -14 11 
-2 -14 10 
-2 -15 10 
-2 -15 9 
-3 -15 9 
-3 -14 9 
-2 -14 9 
-2 -14 8 
-3 -14 8 
-3 -15 8 
-3 -16 8 
-3 -16 9 
-2 -16 9 
-2 -17 9 
-2 -17 10 
-3 -17 10 
-3 -16 10 
-3 -16 11 
-3 -16 12 
-2 -16 12 
-2 -17 12 
-2 -17 11 
