100.204
100.204
99.2399
99.2399
99.2399
99.2399
99.2399
99.2399
99.2399
99.2399
99.2399
99.2399
99.2399
99.2399
99.2399
99.2399
99.2399
99.2399
99.2399
99.2399
99.2399
111.28
111.28
111.28
111.28
111.28
111.28
111.28
111.28
111.28
111.28
111.28
111.28
111.28
111.28
111.28
111.28
111.28
111.28
111.28
111.28
111.28
111.28
111.28
111.28
111.28
111.28
111.28
111.28
111.28
111.28
111.28
111.28
111.28
111.28
111.28
111.28
111.28
111.28
111.28
111.28
111.28
111.28
111.28
111.28
111.28
111.28
111.28
111.28
111.28
111.28
111.28
111.28
111.28
111.28
111.28
111.28
111.28
111.382
111.382
111.382
111.382
111.382
111.382
111.382
111.382
111.382
111.382
111.382
111.382
111.382
111.382
111.382
110.774
110.774
110.774
110.774
110.774
110.774
110.774
110.774
111.172
111.172
111.172
110.965
110.965
110.978
110.978
110.978
110.978
165.21
165.21
165.21
165.21
165.21
165.21
165.21
165.21
165.21
165.21
165.21
165.21
165.21
165.21
165.21
165.21
165.21
165.21
165.21
165.21
165.21
165.21
165.21
165.21
165.21
165.21
165.21
165.21
165.21
165.21
165.21
165.21
165.21
165.21
165.21
165.21
165.21
165.21
165.21
165.21
165.21
165.21
165.21
165.21
165.21
165.21
165.21
165.21
165.21
165.21
165.21
165.21
165.21
165.21
165.21
165.21
165.21
165.21
165.21
165.21
165.21
165.21
165.21
165.21
165.21
165.21
165.21
165.21
165.21
165.21
165.21
165.21
165.21
165.21
165.21
165.21
165.21
165.21
165.21
165.21
165.21
165.21
165.21
165.21
165.21
165.21
165.21
165.21
165.21
165.21
165.21
165.21
165.21
165.21
165.21
165.21
165.21
165.21
165.21
165.21
165.21
165.21
165.21
165.21
165.21
165.21
165.21
165.21
165.21
165.21
165.21
165.21
165.21
165.21
165.21
165.21
165.21
165.21
165.21
165.21
165.21
165.21
165.21
165.21
165.21
165.21
165.21
165.21
165.21
165.21
165.21
165.21
165.21
165.21
165.21
165.21
165.21
165.38
165.38
165.38
165.38
165.38
165.38
165.38
165.38
165.38
165.38
165.38
165.38
165.38
165.38
165.38
165.38
165.38
165.38
165.38
165.38
165.38
165.38
165.38
165.38
165.38
165.38
165.38
165.38
165.38
165.38
165.38
165.38
165.38
165.38
165.38
165.38
165.38
165.38
165.38
165.38
165.38
165.38
165.38
165.38
165.38
165.38
165.38
165.38
165.38
165.38
165.113
165.113
165.113
165.113
165.113
165.113
165.113
165.113
165.113
165.113
165.113
165.113
164.967
165.096
165.096
165.096
165.096
165.096
165.096
165.096
165.096
165.096
165.096
165.096
165.096
165.096
165.096
165.096
165.096
165.096
165.096
165.096
165.096
165.096
165.096
165.096
165.096
165.096
165.096
165.096
165.096
165.096
165.096
165.096
165.096
165.096
165.096
165.096
165.096
165.096
165.096
165.096
165.096
165.096
165.096
165.096
165.096
165.096
165.096
165.096
165.096
165.096
165.096
165.096
165.096
165.096
165.096
165.096
165.096
165.096
165.096
165.096
165.096
165.096
165.096
165.096
165.096
165.096
165.096
165.096
165.096
165.096
165.096
165.096
165.096
165.096
165.096
165.096
165.096
165.096
165.096
165.096
165.096
165.096
165.096
165.096
165.096
165.096
165.096
165.096
165.096
165.096
165.096
165.096
165.096
165.847
165.847
165.847
165.847
165.847
165.847
165.847
165.847
165.847
165.847
165.363
165.363
165.363
165.363
165.363
165.363
165.363
165.363
165.363
165.363
165.363
165.363
165.363
165.363
165.363
165.363
165.363
165.363
165.363
165.363
165.363
165.363
165.363
165.363
165.363
165.363
165.363
165.363
165.363
165.363
165.363
165.363
165.363
165.363
165.363
165.363
165.363
165.363
165.363
165.363
165.363
165.363
165.363
165.363
165.363
165.363
165.363
165.363
165.363
165.363
165.363
165.363
165.363
136.838
136.838
136.838
136.838
136.838
136.838
136.838
136.838
136.838
136.9
107.491
107.491
100.795
100.795
100.795
100.795
100.795
100.795
100.795
100.795
100.795
93.883
93.883
93.883
93.883
93.883
93.883
93.883
93.883
93.883
93.883
93.883
93.883
93.883
93.883
134.35
134.35
134.35
134.35
134.35
134.35
134.35
134.35
134.35
134.35
134.35
134.35
134.35
134.35
134.35
134.35
134.35
134.35
134.35
134.35
134.35
134.35
134.35
134.35
134.35
134.35
134.35
134.35
134.35
134.35
134.35
134.35
134.35
134.35
134.35
134.35
134.35
134.35
134.35
134.35
134.35
134.35
134.35
134.35
134.35
134.35
134.35
134.35
134.35
134.35
134.35
134.35
134.117
134.117
134.117
134.117
134.117
134.117
134.117
134.117
134.117
134.117
134.117
134.117
134.117
134.117
134.117
134.117
134.117
134.117
134.117
134.117
134.117
134.117
134.117
134.117
134.117
134.117
134.117
134.117
134.117
134.117
134.117
134.117
134.117
134.117
134.117
134.117
134.117
134.117
134.117
134.117
134.117
134.117
134.117
134.117
134.117
134.117
134.117
134.117
134.117
134.117
134.117
134.117
134.117
134.117
134.117
134.117
134.117
134.117
134.117
134.522
134.522
134.522
134.522
134.522
134.614
134.614
134.614
134.614
134.614
134.614
134.614
134.614
134.614
134.406
134.406
134.406
134.406
134.406
134.406
134.406
134.406
134.406
134.406
134.406
134.406
134.406
134.406
134.406
134.406
134.406
134.406
134.406
134.406
134.406
134.406
134.406
134.406
134.406
134.406
134.406
134.406
134.406
134.406
134.406
134.406
134.406
134.406
134.406
134.406
134.406
134.406
134.406
134.406
134.406
134.406
134.406
134.406
134.406
134.406
134.406
134.406
134.406
134.406
134.406
134.406
134.406
134.406
134.406
134.406
134.406
134.406
134.406
134.406
134.406
134.406
134.406
134.406
134.406
134.406
134.406
134.406
134.406
134.406
134.406
134.406
134.406
134.406
134.406
134.406
134.406
160.282
160.282
160.282
160.282
160.282
160.282
160.282
160.215
160.215
160.215
160.215
160.885
160.885
160.885
160.885
160.885
160.885
160.885
160.885
160.885
160.885
160.885
160.885
160.885
160.885
160.885
160.885
160.885
160.885
160.885
160.885
160.885
160.885
160.885
160.885
160.885
160.885
160.885
160.885
160.885
160.885
160.885
160.885
160.885
160.885
160.885
160.885
160.885
160.885
160.885
160.885
160.885
160.885
160.885
160.885
160.885
160.885
160.885
160.885
160.885
160.885
160.885
160.885
160.885
160.885
160.885
160.885
160.885
160.885
160.885
160.885
160.885
160.885
160.885
160.885
160.885
160.885
160.885
160.885
160.885
160.885
160.885
160.885
160.885
160.885
160.885
160.885
160.885
160.885
160.885
160.885
160.885
160.885
160.885
160.885
160.885
160.885
160.885
160.885
197.34
196.675
196.675
196.675
196.675
196.675
196.675
196.675
196.675
196.675
196.675
196.675
196.675
196.675
196.675
196.675
196.675
196.675
196.675
196.675
196.675
196.675
196.675
196.675
196.675
196.675
196.675
196.675
196.675
196.675
196.675
158.424
158.424
158.424
158.424
158.424
158.424
158.424
158.424
158.424
158.424
158.424
158.424
158.424
158.424
158.424
158.424
158.424
158.424
158.424
158.424
158.424
158.424
158.424
158.424
158.424
158.424
158.424
158.424
158.424
158.424
158.424
158.424
158.424
158.424
158.424
158.424
158.424
158.424
158.424
158.424
158.424
158.424
158.424
158.424
158.424
158.424
158.424
158.424
158.424
158.424
158.424
158.424
158.424
158.424
158.424
158.424
158.424
158.424
158.424
158.424
158.424
158.424
158.424
158.424
158.424
154.573
154.573
154.573
154.573
154.573
154.573
154.573
154.573
154.573
154.883
154.883
155.148
155.807
155.807
155.807
155.807
155.807
155.807
155.807
155.807
155.807
155.807
155.807
155.807
155.807
155.807
155.807
155.807
156.017
156.017
156.017
156.017
156.017
155.019
155.019
155.019
155.019
155.019
155.019
155.019
155.019
155.019
155.019
155.019
155.019
155.019
155.019
155.019
155.019
155.019
155.019
155.019
155.019
155.019
155.019
155.019
155.019
155.019
155.019
155.019
155.019
155.019
155.019
155.019
155.019
155.019
155.019
155.019
155.019
155.019
155.019
155.019
155.019
155.019
155.019
155.019
155.019
155.019
155.019
155.019
155.019
155.019
155.019
155.019
155.019
155.019
155.019
155.019
155.019
155.019
155.019
155.019
155.019
155.019
155.019
155.019
155.019
155.019
155.019
155.019
155.019
155.019
155.019
155.019
155.019
155.019
155.019
155.019
155.019
155.698
155.698
155.698
155.698
155.698
155.698
155.698
155.698
155.698
155.698
155.698
155.698
155.698
155.698
155.698
155.698
155.698
155.698
155.846
155.846
155.846
155.846
155.846
155.846
155.846
155.846
155.846
155.846
155.846
155.846
150.321
150.321
150.321
150.321
150.321
150.321
150.321
150.321
150.321
150.321
150.321
150.321
150.321
150.321
150.321
150.321
150.321
150.321
150.321
150.321
150.321
150.321
150.321
150.321
150.321
150.321
150.321
150.321
150.321
150.321
150.321
150.321
150.321
150.321
150.321
150.321
150.321
150.321
150.321
150.321
150.321
150.321
150.061
150.061
150.061
150.061
150.061
150.061
150.061
150.061
150.061
150.061
150.061
150.061
150.061
150.061
150.061
162.292
162.292
162.292
162.292
162.292
162.292
162.292
162.292
162.292
162.292
89.4061
89.4061
89.4061
89.4061
89.4061
89.4061
89.4061
89.4061
89.4061
89.4061
89.4061
89.4061
89.4061
89.2345
89.2345
89.2345
89.2345
89.2345
89.2345
89.2345
89.2345
89.2345
89.2345
89.2345
89.2345
89.2345
89.2345
89.2345
89.2345
89.2345
89.2345
89.2345
89.2345
89.2345
89.2345
89.2345
89.2345
89.2345
89.2345
89.2345
89.2345
89.2345
89.2345
89.2345
89.5982
89.5982
89.4876
89.4876
89.4876
89.4876
89.4876
89.4876
89.4876
89.4876
89.4876
89.4876
89.4876
89.4876
89.4876
89.4876
89.4876
89.4876
89.4876
89.4876
89.4876
89.4876
89.4876
89.4876
89.4876
89.4876
89.4876
89.4876
89.4876
89.4876
89.4876
89.4876
89.4876
89.4876
89.4876
89.4876
89.4876
89.4876
89.4876
89.4876
89.4876
89.4876
89.4876
89.4876
89.4876
88.8137
88.8137
88.8137
88.8137
88.8137
88.8137
88.8137
88.8137
88.8137
88.8137
88.8137
88.8137
88.8137
88.8137
88.8137
88.8137
88.8137
88.8137
88.8137
88.8137
88.8137
88.8137
88.8137
88.8137
88.8137
88.8137
88.8137
88.8137
89.135
89.135
89.135
89.135
89.135
89.135
89.135
89.135
89.135
89.135
89.135
89.135
89.135
89.135
89.135
89.135
89.135
89.135
89.135
89.135
89.135
89.135
89.135
89.135
89.135
89.135
89.135
89.135
89.135
89.135
89.135
89.135
89.135
89.135
89.135
89.135
89.135
89.135
89.135
89.135
89.135
89.135
89.135
89.135
89.135
89.135
89.135
89.135
89.135
89.135
89.135
89.135
89.135
89.135
89.135
89.135
89.135
89.135
89.135
89.135
89.135
89.135
89.135
89.135
89.135
89.135
89.135
89.135
89.135
89.135
89.135
89.135
89.135
89.135
89.135
89.135
89.135
89.135
89.135
89.135
89.135
89.135
89.135
89.135
89.135
89.135
89.135
89.135
89.135
89.135
89.135
89.135
89.135
89.9551
89.9551
89.9551
89.9551
89.9551
89.9551
88.7027
88.7027
88.7027
88.7027
88.7027
88.7027
88.7027
88.7027
88.7027
88.7027
88.7027
88.7027
88.7027
88.7027
88.7027
88.7027
88.7027
88.7027
88.7027
88.7027
88.7027
88.7027
88.7027
88.7027
88.7027
88.7027
88.7027
88.7027
88.7027
88.7027
88.7027
88.7027
88.7027
88.7027
88.7027
88.7027
88.7027
88.7027
88.7027
88.7027
88.7027
88.7027
88.7027
88.7027
88.7027
88.7027
88.7027
88.7027
88.7027
88.7027
88.7027
88.7027
88.7027
88.7027
88.7027
88.7027
88.7027
88.7027
88.7027
88.7027
88.7027
88.7027
88.7027
88.7027
88.7027
88.7027
88.7027
88.7027
88.7027
88.7027
88.7027
88.7027
88.7027
88.7027
88.7027
88.7027
88.7027
88.7027
88.7027
88.7027
88.7027
88.7027
88.6671
88.6601
88.6601
88.6601
88.6601
88.6601
88.6601
88.6601
88.6601
88.6601
98.5997
98.5997
98.5997
98.5997
98.5997
98.5997
98.5997
98.5997
98.5997
98.5997
98.5997
98.5604
98.5604
98.5604
98.5604
98.5604
98.5604
98.5604
98.5604
98.5604
98.5604
98.5604
98.5604
98.5604
98.5604
98.5604
98.5604
98.5604
98.5604
98.5604
98.5604
98.5604
98.5604
98.5604
86.1479
86.1479
86.1479
86.1479
86.1479
86.1479
86.1479
86.1479
86.1479
86.1479
86.1479
86.1479
86.1479
86.1479
86.1479
86.1479
86.1479
86.1479
86.1479
86.1479
86.1479
86.1479
86.1479
86.1479
86.1479
86.1479
86.1479
86.7747
86.7747
86.7747
86.7747
86.7747
86.7747
86.7747
86.7747
86.7747
86.7747
86.7747
86.7747
86.7747
86.7747
86.7747
86.7747
86.7747
86.7747
86.7747
89.8999
89.8999
89.8999
89.8999
89.8999
89.8999
89.8999
89.8999
89.8999
89.8999
89.8999
89.5336
89.5336
89.2696
79.21
79.21
124.63
124.63
124.63
124.63
124.63
124.63
124.63
124.63
124.63
124.63
124.63
124.63
124.63
124.63
124.63
124.63
124.63
124.63
124.63
124.63
124.63
124.63
124.63
124.63
124.63
124.63
124.63
124.63
124.63
124.63
124.63
124.63
124.63
124.63
124.63
124.63
124.63
124.63
124.63
124.63
80.4121
79.8461
79.8461
79.8461
79.8461
79.8461
79.8461
79.8461
79.8461
79.8461
79.7523
106.64
106.64
106.64
106.64
106.64
106.64
106.64
106.64
106.64
106.64
106.64
106.64
106.64
106.64
106.64
106.64
106.64
106.64
106.64
106.64
106.64
106.64
106.64
106.64
106.64
106.64
106.64
106.64
106.64
106.64
106.64
106.64
106.64
106.64
106.64
106.64
106.64
106.64
106.64
106.64
106.64
106.64
106.64
106.64
106.64
106.64
106.64
106.64
106.64
106.64
106.64
106.64
106.668
106.668
106.668
106.668
106.668
106.668
128.427
128.427
128.427
128.427
128.427
105.73
105.73
105.73
105.73
105.73
105.73
105.73
105.73
105.73
105.73
105.73
105.73
105.73
105.73
105.73
105.73
105.73
105.73
105.991
105.991
105.991
105.991
105.991
105.991
105.991
105.991
105.991
105.991
105.991
105.991
105.991
105.991
105.991
105.991
105.991
105.991
105.991
105.991
105.991
105.991
105.991
105.991
105.991
105.991
105.991
105.991
105.991
105.991
105.991
105.991
105.991
105.991
105.991
105.991
105.991
105.991
105.991
105.991
105.991
105.991
105.991
105.991
105.991
105.991
105.991
105.991
105.991
105.991
105.991
105.991
105.991
105.991
105.991
105.991
105.991
105.991
105.991
105.991
105.991
105.991
105.991
105.991
105.6
105.6
105.6
106.322
106.322
106.322
106.322
106.322
106.322
106.322
106.322
106.322
106.322
106.322
106.322
106.322
106.322
106.322
106.322
143.686
143.686
143.686
143.686
143.686
143.686
143.686
143.686
143.686
143.686
143.686
143.686
143.686
143.686
143.686
143.686
143.686
143.686
143.686
143.686
143.686
143.686
143.686
143.721
143.721
143.721
143.721
143.721
143.721
143.721
143.721
143.721
143.721
143.721
143.721
143.721
143.721
143.721
143.721
143.721
143.721
143.721
143.721
143.721
143.721
143.721
143.721
143.721
143.721
143.721
143.721
143.721
143.721
143.721
143.721
143.721
143.721
143.721
143.721
143.721
143.721
143.721
143.721
143.721
143.721
143.721
143.721
143.721
143.721
143.721
143.721
143.721
143.721
143.721
143.721
143.721
143.721
143.721
143.721
143.721
143.721
143.721
258.247
258.247
258.247
258.247
258.247
258.247
258.247
258.247
258.247
258.247
258.247
258.247
258.247
258.247
258.247
258.247
258.247
258.247
258.247
258.247
258.247
258.247
258.247
258.247
258.247
258.247
258.247
258.247
258.247
258.247
258.247
258.247
258.247
258.247
258.247
258.247
258.247
258.247
258.247
258.247
258.247
258.247
258.247
258.247
258.247
258.247
258.247
258.247
258.247
258.247
258.247
258.247
258.247
258.247
258.247
258.247
258.247
258.247
258.247
258.247
258.247
258.247
258.247
258.247
258.247
258.247
258.247
258.247
258.247
258.247
258.247
258.247
258.247
258.247
258.247
258.247
258.247
258.247
258.247
258.247
258.247
258.247
258.247
258.247
258.247
258.247
258.247
258.247
258.247
258.247
258.247
258.247
258.247
258.247
258.247
258.247
258.247
257.863
179.707
179.707
179.707
179.707
179.707
179.707
179.707
179.707
143.065
143.065
143.065
143.065
143.065
143.065
143.065
143.065
143.065
143.065
143.065
143.065
143.065
143.065
143.065
143.065
143.065
143.065
143.065
143.065
143.065
143.065
143.065
143.065
143.065
143.065
143.065
143.065
143.065
143.065
143.065
143.065
143.065
143.065
143.065
143.065
143.065
144.092
144.092
144.092
144.092
144.092
144.092
144.092
144.092
144.092
144.092
144.092
144.092
144.092
144.092
144.092
144.092
144.092
144.092
144.092
144.092
144.092
144.092
144.092
144.092
144.092
144.092
144.092
144.092
144.092
144.092
144.092
144.092
144.092
144.092
144.092
144.092
144.092
144.092
144.092
144.092
144.092
144.092
144.092
144.092
144.092
144.092
144.092
144.092
144.092
144.092
144.092
144.092
144.092
144.092
144.092
144.092
144.092
144.092
144.092
144.092
144.092
144.092
144.092
144.092
144.092
144.092
144.092
144.092
178.593
178.593
178.593
178.593
178.593
178.593
178.593
178.593
178.593
178.593
178.593
178.593
178.593
178.593
178.593
178.593
178.593
178.593
178.593
178.593
178.593
178.593
178.593
178.593
178.855
178.855
178.855
178.855
178.855
178.855
178.855
178.855
178.855
178.855
178.855
178.855
178.855
178.855
178.855
178.855
178.855
178.855
178.855
178.855
178.855
178.855
178.855
178.855
178.855
178.855
178.855
178.855
178.855
178.855
178.855
178.855
178.855
178.855
178.855
178.855
240.43
240.43
240.43
240.43
240.43
240.43
240.43
240.43
240.43
240.43
240.43
240.43
240.43
240.43
240.43
240.43
240.43
240.43
240.43
240.43
240.43
240.43
240.43
240.43
240.43
240.43
240.43
240.43
240.43
240.43
240.43
240.43
240.43
240.017
240.017
240.564
241.214
241.214
241.214
241.214
241.214
241.214
241.214
241.214
241.214
241.214
241.214
241.214
241.214
241.214
241.214
241.214
241.214
241.214
241.214
241.214
241.214
241.214
241.214
241.214
241.214
241.214
241.214
241.214
241.214
241.214
241.214
241.214
241.214
241.214
241.214
241.214
241.214
241.214
241.214
241.214
241.214
241.214
241.214
241.214
241.214
241.214
241.214
241.214
241.214
241.214
241.214
241.279
241.279
241.279
241.279
241.279
241.279
241.279
241.279
241.279
241.279
241.279
241.279
241.279
241.279
241.279
241.279
241.279
241.279
241.279
241.279
241.279
241.279
241.279
241.279
241.279
241.279
241.279
241.279
241.279
241.279
241.279
241.279
241.279
241.279
241.279
241.279
241.279
241.279
241.279
241.279
235.695
235.695
235.695
235.695
235.695
290.559
290.559
290.559
290.559
290.559
290.559
290.559
290.559
291.863
291.863
291.863
291.863
320.357
320.357
320.357
320.357
320.357
320.357
320.357
320.357
320.357
320.357
320.357
320.357
320.357
320.357
320.357
320.007
320.007
320.007
320.007
320.007
320.007
320.007
320.007
320.007
320.007
320.007
320.007
320.007
320.007
319.47
319.47
319.47
319.47
319.47
319.47
319.47
319.47
319.47
319.47
319.47
319.47
319.47
319.47
319.47
319.47
319.47
319.47
319.47
319.47
319.47
319.47
319.47
319.47
319.47
319.47
319.47
319.47
319.47
319.47
319.47
319.47
319.47
319.47
319.47
319.47
319.47
319.47
319.47
319.47
319.47
319.47
319.47
319.47
319.47
319.47
319.47
319.47
319.47
319.47
319.47
319.47
319.47
319.47
319.47
319.946
319.946
319.946
319.946
319.946
319.946
319.946
319.946
319.946
319.946
319.946
319.946
319.946
319.946
319.946
319.946
319.946
319.946
319.946
319.946
319.946
297.726
297.726
297.726
297.726
297.726
297.726
297.726
297.726
297.726
297.726
297.726
297.578
297.578
297.578
297.578
297.578
297.578
297.578
297.578
297.578
297.578
297.578
297.578
297.578
297.578
297.578
297.578
297.578
297.578
297.578
297.578
297.578
297.578
297.578
297.578
297.578
297.578
297.578
297.578
297.578
297.578
297.578
297.578
297.578
297.578
297.578
297.578
297.578
297.578
297.578
297.578
297.578
297.578
297.578
297.578
297.578
297.578
297.578
297.578
297.578
297.578
297.578
297.578
297.578
297.578
297.578
297.578
297.578
297.578
297.578
297.578
297.578
297.578
297.578
297.578
297.578
297.578
297.578
297.578
268.713
268.713
268.713
268.713
270.246
271.95
271.95
271.95
271.95
271.95
271.95
271.95
271.95
271.95
271.95
271.95
271.95
271.95
271.95
271.95
271.95
271.95
271.95
271.95
271.95
271.95
271.95
271.95
271.95
271.95
271.95
271.95
271.95
271.95
271.95
271.95
271.95
271.95
271.95
271.95
271.95
271.95
271.95
271.95
271.95
271.95
271.95
271.95
271.95
271.95
271.95
271.95
271.95
271.95
271.95
271.95
271.95
271.95
232.105
232.105
232.105
232.105
232.105
232.105
232.105
232.105
232.105
232.105
232.105
232.105
232.105
232.105
232.105
232.105
232.105
232.105
232.105
232.105
232.105
232.105
232.105
232.105
232.105
232.105
232.105
232.105
232.105
232.105
232.105
232.105
232.105
232.105
232.105
232.105
232.105
232.105
232.105
232.105
232.105
232.105
232.105
232.105
232.105
232.105
232.105
232.105
232.105
232.105
232.105
232.105
232.105
232.105
232.105
232.105
232.105
232.105
232.105
232.105
232.105
263.359
263.359
263.359
263.359
263.359
263.359
263.359
263.359
263.359
263.359
263.359
263.359
263.359
263.359
263.359
263.359
263.359
263.359
263.359
263.359
263.359
263.359
263.359
263.359
263.359
263.359
263.359
263.359
263.359
263.359
263.359
263.359
263.359
263.359
263.359
263.359
263.359
263.359
263.359
263.359
263.359
263.359
263.359
263.359
263.359
263.359
263.359
263.359
263.359
263.359
263.359
263.359
263.359
263.359
263.359
263.359
263.359
263.359
263.359
263.359
263.359
263.359
263.359
263.359
263.359
263.359
263.359
263.359
263.359
263.359
263.359
263.359
263.359
263.359
263.359
263.359
263.359
263.359
263.359
263.359
263.359
263.359
263.359
263.701
263.701
263.701
144.123
144.123
144.123
144.123
144.123
144.123
144.123
144.123
144.123
144.123
144.123
144.123
144.123
144.123
144.123
144.123
144.123
144.123
144.123
144.123
144.123
144.123
144.123
144.123
144.123
144.123
144.123
144.123
144.123
143.439
143.439
143.439
143.439
143.439
143.439
143.439
143.439
143.439
143.439
143.439
143.439
143.439
143.439
143.439
143.439
143.439
143.439
143.439
143.439
143.439
143.439
143.439
143.439
143.439
143.439
143.439
143.439
143.439
143.439
143.439
143.439
143.439
143.439
143.439
143.439
143.439
143.439
143.439
143.439
143.439
143.439
143.439
143.439
142.942
142.942
142.942
142.942
142.942
142.942
142.942
142.942
142.942
142.942
142.942
142.942
142.942
142.942
142.942
142.942
142.942
142.942
142.942
142.942
142.942
143.17
143.17
143.17
143.17
143.17
143.17
143.17
143.17
143.17
144.014
144.014
125.736
125.736
125.736
125.736
125.736
126.593
126.593
126.276
126.276
126.276
126.276
126.276
126.276
126.276
126.276
126.276
126.276
126.276
126.276
126.276
126.276
126.276
126.276
126.276
126.276
126.276
126.276
126.276
126.276
126.276
126.276
126.276
126.276
126.276
126.276
126.276
126.276
126.276
126.276
126.276
126.276
126.276
126.276
126.276
126.276
126.276
126.276
126.276
126.276
126.276
126.276
126.276
126.276
126.276
126.276
126.276
126.276
126.276
126.276
126.276
126.276
126.276
126.276
126.276
126.276
126.276
126.276
126.276
126.276
126.276
126.276
126.276
126.276
126.276
126.276
126.276
126.276
126.276
126.276
126.276
126.276
126.276
126.276
126.276
126.276
126.276
126.276
126.276
113.907
113.502
113.502
113.502
113.502
113.502
113.502
113.502
113.761
113.761
113.761
113.761
113.761
113.761
113.761
113.761
113.761
113.761
113.761
113.761
113.761
113.761
113.761
113.761
113.761
113.761
113.761
113.761
113.761
113.761
113.761
113.761
113.761
113.761
113.761
113.761
113.761
113.761
113.761
113.761
113.761
113.761
113.761
113.761
113.761
113.761
113.761
113.761
113.761
113.761
113.761
113.761
113.761
113.761
113.761
113.761
113.761
113.761
113.761
114.474
114.474
114.474
114.474
114.474
114.474
114.474
114.474
114.474
114.474
114.474
114.474
114.474
114.474
114.474
114.474
114.474
114.474
114.474
114.474
114.474
114.474
114.474
114.474
114.474
114.474
114.474
114.474
114.474
114.474
114.474
114.474
114.474
114.474
114.474
114.474
114.474
114.474
114.474
114.474
114.474
114.474
126.147
126.147
126.147
125.877
125.877
125.877
125.877
125.877
125.877
125.877
125.877
136.071
136.071
136.071
136.071
136.071
136.071
136.071
136.071
136.071
136.071
136.071
136.071
136.071
136.071
136.071
136.071
136.071
136.071
136.071
136.071
136.071
136.071
136.071
136.071
136.071
136.071
136.071
136.071
136.071
136.071
136.071
136.071
136.071
136.071
136.071
136.071
136.071
136.071
136.071
136.071
136.071
136.071
136.071
136.071
136.071
136.071
136.071
136.071
136.071
136.071
136.071
136.071
136.071
136.071
136.071
136.071
136.071
136.071
136.071
136.071
136.071
136.071
136.071
136.071
136.071
136.071
136.071
136.071
136.071
136.071
136.071
136.071
136.071
136.071
136.071
136.071
136.071
136.071
136.071
136.071
136.071
136.071
136.071
136.071
136.071
136.071
136.071
136.071
136.071
162.583
162.583
161.976
161.976
161.976
161.976
161.976
158.447
158.447
158.447
158.447
158.447
158.447
158.447
158.447
158.447
158.447
158.447
158.447
158.447
158.447
158.447
158.447
158.447
158.447
158.447
158.447
158.447
158.447
135.92
135.92
135.92
135.92
135.92
135.92
135.92
135.92
135.92
135.92
135.92
135.92
135.92
135.92
135.92
135.92
135.92
135.92
135.92
135.92
135.92
135.92
135.92
135.92
135.92
135.92
135.92
135.92
135.92
135.92
135.92
135.92
135.92
135.92
135.92
135.92
135.92
135.92
135.92
135.92
135.92
135.92
135.92
135.92
135.92
135.92
135.92
135.92
135.92
135.92
135.92
135.92
135.92
135.92
135.92
135.92
135.92
135.92
135.92
135.92
135.92
135.92
135.92
135.92
135.92
135.92
135.92
135.92
135.92
135.92
135.92
135.92
135.92
135.92
135.92
98.7917
98.7917
98.7917
98.7917
98.7917
98.7917
98.7917
98.7917
98.7917
98.7917
98.7917
98.7917
98.7917
98.7917
98.7917
98.7917
98.7917
98.7917
98.7917
98.7917
98.7917
98.7917
98.7917
98.7917
98.7917
98.7917
98.7917
98.7917
98.7917
98.7917
98.7917
98.7917
98.7917
98.7917
98.7917
98.7917
98.7917
98.7917
98.7917
98.7917
98.7917
98.7917
98.7917
98.7917
98.7917
98.7917
98.7917
98.7917
98.7917
98.7917
98.7917
98.7917
98.7917
98.7917
98.7917
98.7917
98.964
98.964
98.964
98.964
98.964
98.964
98.964
98.964
98.964
98.964
98.964
98.964
98.964
98.964
98.964
98.964
98.964
98.964
98.964
98.964
98.964
98.964
98.964
98.964
98.964
98.964
98.964
98.964
98.964
98.964
98.964
98.964
98.964
98.964
98.964
98.964
98.964
98.964
98.964
98.964
98.9237
98.9237
98.9237
98.9237
98.9237
99.1178
99.1178
99.1178
99.1178
99.1178
99.1178
87.7684
87.7684
87.7684
87.7684
87.7684
87.7684
87.7684
87.7684
87.7684
87.7684
87.7684
87.7684
87.7684
87.7684
87.7684
87.7684
87.7684
87.7684
87.7684
87.7684
87.7684
87.7684
87.7684
87.7684
87.7684
87.7684
87.7684
87.7684
87.7684
87.7684
87.7684
87.7684
87.7684
87.7684
87.7684
87.7684
87.7684
87.7684
87.7684
87.7684
87.7684
87.7684
87.7684
87.7684
87.7684
87.7684
87.7684
87.7684
87.7684
87.7684
87.7684
87.7684
87.7684
87.7684
87.7684
87.7684
87.7684
87.7684
87.7684
87.7684
87.7684
87.7684
87.7684
87.7684
87.7684
87.7684
87.7684
87.7684
87.7684
87.7684
87.7684
87.7684
87.7684
87.7684
87.7684
87.7684
87.7684
87.7684
87.7684
87.7684
87.7684
87.7684
87.7684
87.7684
87.7684
87.7684
87.7684
87.7684
87.7684
87.7684
87.7684
87.9185
87.9185
87.9185
87.9185
87.9185
87.9185
87.9185
87.9185
87.9185
87.9185
87.9185
87.9185
88.3202
88.3202
88.3202
88.3202
88.3202
88.3202
88.3202
88.3202
88.3202
88.3202
88.3202
88.3202
88.3202
88.3202
88.3202
88.3202
88.3202
88.3202
88.3202
88.3438
88.3438
88.3438
88.3438
88.3438
88.3438
88.3438
88.3438
88.3438
88.3438
88.3438
88.3438
88.3438
88.3438
88.3438
88.3438
88.3438
88.3438
88.3438
88.3438
88.3438
88.3438
88.3438
88.3438
88.3438
88.3438
88.3438
88.3438
88.3438
88.3438
88.3438
88.3438
88.3438
88.3438
88.3438
88.3438
88.3438
88.3438
88.3438
88.3438
88.3438
88.3438
88.3438
88.3438
88.3438
88.3438
88.3438
88.3438
88.3438
88.3438
88.3438
88.3438
88.3438
88.3438
88.3438
88.3438
88.3438
88.3438
88.3438
88.3438
88.3438
88.3438
88.3438
88.3438
88.3438
88.3438
88.3438
88.3438
88.3438
88.3438
88.3438
88.3438
88.3438
88.3438
88.3438
88.3438
88.0368
88.0368
88.0368
88.0368
88.0368
88.0368
88.0368
88.0368
88.0368
88.0368
88.0368
88.0368
88.0368
88.0368
88.0368
88.0368
88.0368
88.0368
88.0368
88.0368
88.0368
120.219
120.219
120.219
120.219
120.219
120.219
120.219
120.219
120.219
120.219
120.219
120.295
120.295
120.295
120.295
120.295
120.295
120.295
120.295
120.295
120.295
120.295
120.295
120.295
120.295
120.295
120.295
120.295
120.295
120.295
120.295
120.295
120.295
120.295
120.295
120.295
120.295
120.295
120.295
120.295
120.295
120.295
120.295
120.295
120.295
120.295
120.295
120.295
120.295
120.295
120.295
120.295
120.295
120.295
120.295
120.295
120.295
120.295
120.295
120.295
120.295
120.295
120.295
120.295
120.295
120.295
120.295
120.295
120.295
120.295
120.295
120.295
120.295
120.295
120.367
120.367
120.367
120.367
120.367
120.367
120.367
120.367
120.367
120.367
120.367
120.367
120.367
120.367
120.367
120.367
120.367
120.367
120.367
120.367
120.367
120.367
120.367
120.367
120.367
120.367
120.367
120.367
120.367
120.367
120.367
120.367
120.367
120.367
120.367
120.367
120.367
120.367
120.367
120.367
120.367
120.367
120.367
120.367
120.367
120.367
120.367
120.367
120.367
120.367
120.367
120.367
120.367
120.367
120.367
120.367
120.367
120.367
120.367
120.367
120.367
120.367
120.367
120.367
120.367
120.367
120.367
120.367
120.367
120.367
120.367
120.367
120.367
120.367
120.367
120.367
120.367
120.367
120.367
120.367
120.367
120.367
120.367
120.367
120.367
120.367
120.367
120.367
120.367
120.367
120.367
120.367
120.159
120.159
120.159
120.159
120.139
122.736
122.736
122.736
122.736
122.736
122.736
122.736
122.736
122.736
122.736
122.736
122.736
122.736
122.736
122.736
122.736
122.736
122.736
122.736
122.736
122.736
122.736
122.736
122.736
122.736
122.736
122.736
122.736
122.736
122.736
122.736
122.736
122.736
122.736
122.736
122.736
122.736
122.736
122.736
122.736
122.736
122.736
122.736
122.736
122.736
122.736
122.736
122.736
122.736
122.736
122.736
122.736
122.736
122.736
122.736
122.736
122.736
122.736
122.736
122.736
122.736
122.736
122.736
122.736
122.736
122.736
122.736
122.736
122.736
122.736
122.736
122.736
122.736
122.736
122.736
122.736
122.736
122.736
122.736
122.736
122.736
122.736
122.736
122.736
122.736
122.736
122.736
122.736
122.736
122.736
122.736
122.736
122.736
122.736
122.736
122.736
122.736
122.736
155.803
155.381
155.381
155.513
154.987
154.987
154.987
154.987
154.987
154.987
154.987
154.987
154.987
154.987
154.987
155.051
155.051
155.051
155.051
155.051
155.051
155.051
155.051
155.051
155.051
155.051
155.051
155.051
155.051
155.051
155.051
155.051
154.151
154.151
154.151
154.151
154.151
154.151
154.151
154.151
154.151
154.151
154.969
144.933
144.933
144.933
144.933
144.933
144.933
144.933
144.933
144.933
144.933
144.933
144.933
144.933
144.933
144.933
144.933
144.933
144.933
144.933
144.933
144.933
144.933
144.933
144.933
144.933
144.933
144.933
144.933
144.933
144.933
144.933
144.933
144.933
144.933
144.933
144.933
144.933
144.933
144.933
144.933
144.933
144.933
144.933
144.933
144.933
144.933
144.933
144.933
144.933
144.933
144.933
144.933
144.933
144.933
144.933
144.933
144.933
144.933
144.933
144.933
144.933
144.933
144.933
144.933
144.933
144.933
144.933
144.933
144.933
144.933
144.933
144.933
144.933
144.933
144.933
144.933
144.933
144.933
144.933
144.933
144.933
144.933
144.933
144.395
144.395
144.395
144.395
144.395
144.395
144.395
144.395
144.395
144.395
144.395
144.395
144.395
144.395
144.395
144.395
144.395
144.395
144.395
144.395
144.395
144.395
144.395
144.395
144.395
144.395
144.395
144.395
144.395
144.395
144.395
144.395
144.395
144.395
144.395
144.395
144.395
144.395
144.395
144.395
144.395
144.395
144.395
144.395
144.395
144.395
144.395
144.395
144.395
144.395
144.395
144.395
144.395
144.395
144.395
144.395
144.395
144.395
144.395
144.395
144.395
144.395
144.395
144.395
144.395
144.395
144.395
144.395
144.395
144.395
144.395
144.395
144.395
144.395
143.782
143.782
143.782
143.782
143.782
143.782
143.782
143.782
143.782
143.782
143.782
143.782
143.782
143.782
143.782
143.782
206.652
206.652
206.652
206.652
206.652
206.652
207.42
207.42
207.42
207.42
207.42
207.42
207.42
207.42
207.42
207.42
207.42
207.42
207.42
207.42
207.42
207.42
207.42
207.42
207.42
207.42
207.42
207.42
207.42
207.42
207.42
207.42
207.42
207.42
207.42
207.42
207.42
207.42
207.42
207.42
207.42
207.42
207.42
207.42
207.42
207.42
207.42
207.42
207.42
207.42
207.42
207.42
207.42
207.42
207.42
207.42
207.42
207.42
207.42
207.42
207.42
207.42
207.42
207.42
207.42
207.42
207.42
207.42
207.42
207.42
207.42
207.42
207.42
207.42
207.42
207.42
207.42
207.42
207.42
207.42
207.42
207.42
207.42
207.42
207.42
207.42
263.983
263.983
255.219
255.219
255.219
255.219
255.915
255.915
255.915
255.915
255.915
255.915
255.915
255.915
255.915
255.915
255.915
255.915
255.915
255.915
255.915
255.915
255.915
255.915
255.915
255.915
255.915
255.915
255.915
255.915
255.915
255.915
255.915
255.915
255.915
255.915
255.915
255.915
255.915
255.915
255.915
255.915
255.915
255.915
255.915
255.915
255.915
255.915
255.915
255.915
255.915
255.915
255.915
255.915
255.915
255.915
255.915
255.915
255.915
255.915
255.915
255.915
255.915
255.915
255.915
255.915
255.915
255.915
255.915
255.915
255.915
255.915
255.915
255.915
255.915
255.915
255.915
255.915
255.915
255.915
255.915
256.95
256.95
256.95
256.95
256.95
256.95
256.95
256.95
256.95
257.754
257.754
236.549
236.549
236.549
236.549
236.549
236.549
236.549
236.549
236.549
263.133
245.394
245.394
245.394
245.394
245.394
245.008
245.008
245.008
245.008
245.008
245.008
245.008
245.008
245.008
245.008
245.008
245.008
245.008
245.008
245.008
245.008
245.008
245.008
245.008
245.008
245.008
245.008
245.008
245.008
245.008
245.008
245.008
245.008
245.008
245.008
245.008
245.968
245.968
245.968
245.968
245.968
245.968
245.968
245.968
245.968
245.968
245.968
245.968
245.968
245.968
245.968
245.968
245.968
245.968
245.968
245.968
245.968
245.968
245.968
245.968
245.968
245.968
245.968
245.968
245.968
245.968
245.968
245.968
245.968
245.968
245.968
245.968
245.968
245.968
245.968
245.968
245.968
245.968
245.968
245.968
245.968
245.968
245.968
245.968
245.968
245.968
245.968
245.968
245.968
245.968
245.968
245.968
209.059
209.059
209.059
209.059
209.059
209.059
208.188
208.188
208.188
208.188
208.188
208.76
208.76
208.76
208.76
208.76
208.76
208.76
208.76
207.964
207.964
207.964
207.964
207.964
207.964
207.964
207.964
207.964
207.703
207.703
207.703
243.422
243.422
243.422
243.422
243.422
243.422
243.422
243.687
243.687
243.687
243.687
243.687
243.687
243.687
243.687
243.687
243.687
243.687
243.687
269.712
269.712
269.712
269.712
269.712
269.712
269.712
269.712
269.712
269.712
269.712
269.712
269.712
269.712
269.712
269.712
264.489
264.489
264.489
264.489
264.489
264.489
264.489
264.489
264.489
264.489
264.489
264.489
264.489
264.489
264.489
264.489
264.489
264.489
264.489
264.489
264.489
264.489
264.489
264.489
264.489
264.489
264.489
264.489
264.489
264.489
264.489
264.489
264.489
264.489
264.489
264.489
264.489
264.489
264.489
264.489
261.159
180.403
180.403
180.403
180.403
180.403
180.403
180.403
180.403
180.403
180.403
180.403
180.403
180.403
180.403
180.403
180.403
180.403
180.403
180.403
180.403
180.403
180.403
180.403
180.403
180.403
180.403
180.403
180.403
180.403
180.403
180.403
180.403
180.403
180.403
180.403
180.403
180.403
180.403
180.403
180.403
180.403
180.403
180.403
180.403
180.403
180.403
180.403
180.403
180.403
180.403
180.403
180.403
180.403
180.403
180.403
180.403
180.403
180.403
180.403
180.403
180.403
180.403
180.403
180.403
180.403
180.403
180.403
180.403
180.403
180.403
180.403
180.403
180.403
180.403
180.403
180.403
180.403
180.403
180.403
180.403
180.403
180.403
180.403
180.403
180.403
180.403
180.403
180.403
180.403
180.403
180.403
180.403
180.403
180.403
180.403
180.403
180.403
180.403
180.403
180.403
180.403
180.403
180.403
180.403
180.403
180.403
180.403
180.403
180.403
180.403
180.403
180.403
180.403
180.403
180.403
180.403
180.403
180.403
180.403
180.403
180.403
180.403
180.403
180.403
180.403
180.403
180.403
180.403
180.403
180.403
180.403
180.403
180.403
180.805
180.805
180.805
180.805
180.805
180.805
180.805
180.805
180.805
180.805
180.805
180.805
180.805
180.805
180.805
180.805
180.805
180.805
180.805
180.805
180.805
180.805
180.805
180.805
180.805
180.805
180.805
180.805
180.805
180.805
180.805
180.805
180.805
180.805
180.805
180.805
180.805
180.805
180.805
180.805
180.805
180.805
180.805
180.805
180.805
180.805
180.805
180.805
180.805
180.805
180.805
180.805
180.805
180.805
180.805
180.805
180.805
180.805
180.805
180.805
180.805
180.805
180.805
180.805
180.805
180.805
109.47
109.47
109.576
109.576
109.576
109.576
109.576
109.576
109.576
109.576
109.576
109.576
109.576
109.576
109.576
109.576
109.576
109.576
109.576
109.576
109.576
109.576
109.576
109.576
109.576
109.576
109.081
109.081
109.081
109.081
109.081
109.081
109.081
109.081
109.081
109.081
109.081
109.081
109.081
109.081
109.081
109.081
109.081
109.081
109.081
109.081
109.081
109.081
109.081
109.081
109.081
109.081
270.328
270.328
270.328
270.328
270.328
270.328
270.328
270.328
270.328
270.328
270.328
270.328
270.328
270.328
270.328
270.328
270.328
270.328
270.328
270.328
270.328
270.328
270.328
270.328
270.328
270.328
270.328
270.328
271.217
271.217
271.217
271.217
271.217
271.217
271.217
271.217
271.217
271.217
271.217
271.217
271.217
271.217
271.217
271.217
271.217
271.217
271.217
270.805
270.805
270.805
270.805
270.805
270.805
270.805
270.805
270.805
270.805
270.805
270.805
270.805
270.805
270.805
270.805
270.805
270.805
270.805
270.805
270.805
270.805
270.805
270.805
270.805
270.805
270.805
206.111
206.111
206.111
206.111
206.111
206.111
206.111
206.111
206.111
206.111
209.44
210.303
210.303
210.303
210.303
210.303
210.303
210.303
210.303
210.303
210.303
210.303
210.303
210.303
210.303
210.303
210.303
210.303
210.303
210.303
210.303
210.303
210.303
210.303
210.303
210.303
210.303
210.303
210.303
210.303
210.303
210.303
210.303
210.303
210.303
210.303
210.303
210.303
210.303
210.303
210.303
210.303
210.303
210.303
210.303
210.303
210.303
210.303
210.303
210.303
210.303
210.303
210.303
210.303
210.303
210.303
210.303
210.303
210.303
210.303
210.303
210.303
210.303
210.303
209.899
209.899
209.899
209.899
209.899
209.899
209.899
209.899
209.899
209.899
209.899
209.899
209.899
209.899
209.899
209.899
209.899
209.899
209.899
209.899
209.899
209.899
209.899
209.899
209.899
209.899
209.899
209.899
209.899
209.899
209.899
209.899
209.899
209.899
209.899
209.899
209.899
209.899
209.899
209.899
209.899
209.899
209.899
209.899
209.899
209.899
209.899
209.899
209.711
209.711
209.711
209.711
209.711
209.711
209.711
208.962
208.962
208.962
208.962
208.962
208.962
208.962
208.962
208.962
208.962
208.962
208.962
208.962
208.962
208.962
208.962
208.962
208.962
208.962
208.962
208.962
208.962
209.361
209.361
209.361
209.361
209.361
209.361
209.361
209.361
209.361
209.361
209.361
209.361
209.361
209.361
209.361
209.361
209.361
209.361
209.361
209.361
209.361
208.22
208.22
208.22
208.22
208.22
208.22
208.22
208.22
208.22
208.22
208.212
208.212
208.212
208.212
208.212
209.869
209.869
209.869
209.869
209.869
209.869
209.869
209.869
209.869
209.869
209.869
209.869
209.869
209.869
209.869
209.869
209.869
209.869
209.869
209.869
209.869
209.869
209.869
209.869
209.869
209.869
209.869
209.869
209.869
209.869
209.869
209.869
209.869
209.869
209.869
209.869
209.869
209.869
209.869
209.869
209.869
209.869
209.869
209.869
209.869
209.869
209.869
209.869
209.869
209.885
209.885
209.885
209.885
209.885
209.885
209.885
209.885
209.885
209.885
209.885
209.885
209.885
209.885
209.885
209.885
209.885
209.885
209.885
209.885
209.885
209.885
209.885
209.885
209.885
209.885
209.885
209.885
209.885
209.885
209.885
209.885
209.885
209.885
209.885
209.885
209.885
209.885
169.057
170.047
170.047
170.047
170.047
170.047
169.749
169.462
169.462
169.462
169.462
169.462
169.462
169.462
169.462
169.462
169.462
169.462
169.462
169.462
169.462
169.462
169.462
169.462
169.462
169.462
169.462
169.462
169.462
157.489
157.489
157.489
157.489
157.489
157.489
157.489
157.489
157.489
157.489
157.489
157.489
157.489
157.489
157.489
157.489
157.489
157.489
157.489
157.489
157.489
157.489
157.489
157.489
157.489
157.489
157.489
157.489
157.489
157.489
157.489
157.489
157.489
157.489
157.489
157.489
157.489
157.489
157.489
157.489
157.489
157.489
157.489
157.489
157.489
157.489
157.489
157.489
157.489
157.489
157.489
157.489
157.489
157.489
157.489
157.489
157.489
157.489
157.489
157.489
157.489
157.489
157.489
157.489
157.489
157.489
140.942
140.942
140.942
142.066
142.066
142.066
142.066
142.066
142.066
142.066
142.066
142.066
142.066
142.066
142.066
142.066
142.066
142.066
142.066
142.066
142.066
142.066
142.066
142.066
142.066
142.066
141.392
141.392
141.392
141.392
141.392
141.392
141.392
141.392
141.392
141.392
141.392
141.392
141.392
141.392
141.392
141.392
139.952
139.952
139.952
139.952
139.952
139.952
139.952
139.952
139.952
139.952
139.952
139.952
139.952
139.952
139.952
139.952
140.808
140.808
140.808
140.808
140.808
140.808
140.808
140.808
140.808
140.808
140.808
140.808
140.808
140.808
140.808
140.808
140.808
140.808
140.808
140.808
140.808
140.808
140.808
140.808
140.808
140.808
140.741
140.741
140.741
140.741
140.741
140.741
140.741
140.741
140.741
140.741
140.741
140.741
140.741
140.741
140.741
140.741
145.028
145.028
145.028
145.028
145.028
145.028
145.028
145.028
145.028
163.734
163.734
163.734
164.335
164.335
164.335
164.335
164.335
164.335
164.335
164.335
164.335
164.335
164.335
164.335
164.091
164.091
164.091
164.091
164.091
164.091
164.091
164.091
164.091
164.091
164.091
164.091
164.091
164.091
164.091
166.247
166.247
166.247
166.247
166.247
166.247
166.247
166.247
165.996
165.996
165.996
165.996
165.996
165.996
165.996
165.996
165.996
165.996
165.996
165.996
165.996
165.996
165.901
165.901
165.901
165.901
165.901
165.901
165.901
165.901
165.901
165.901
165.901
165.901
165.901
165.901
165.901
165.901
165.901
165.901
165.901
165.901
165.901
165.901
165.901
165.901
165.901
165.901
165.901
165.901
165.901
165.901
165.901
165.901
165.901
165.901
165.901
165.901
165.901
165.901
165.901
165.901
165.901
165.901
165.901
165.901
150.86
248.518
248.518
248.518
248.518
248.518
248.518
248.518
248.518
248.518
248.518
248.518
248.518
248.518
248.518
248.518
248.518
248.518
248.518
248.518
248.518
248.518
248.518
248.518
248.518
248.518
248.518
248.518
248.518
248.518
269.755
269.755
269.755
269.755
269.755
269.755
269.755
269.755
269.755
269.755
269.755
269.755
270.179
270.179
270.179
270.179
270.179
270.179
270.179
270.179
270.179
270.179
270.179
270.179
270.179
270.179
270.179
270.179
270.179
270.179
270.179
270.179
270.179
270.179
270.179
270.179
270.179
270.179
270.179
270.179
270.179
270.179
270.179
270.179
270.179
270.179
270.179
270.179
270.179
270.179
270.387
270.387
271.783
271.783
271.783
271.783
271.783
271.783
271.783
271.783
271.783
271.783
271.783
271.783
271.783
271.783
271.783
271.783
272.034
270.754
270.754
270.754
270.754
351.045
351.045
351.045
351.045
351.045
351.045
351.045
351.045
351.045
351.045
351.045
349.837
349.837
349.837
349.837
349.837
349.837
349.837
349.837
349.837
349.837
349.837
349.837
349.837
349.837
349.837
349.837
349.837
349.837
349.837
349.837
349.837
349.837
349.837
349.837
349.837
349.837
349.837
349.837
349.837
349.837
349.837
349.837
349.837
349.837
349.837
349.837
349.837
349.837
349.837
349.837
349.837
350.135
350.135
350.135
350.135
350.135
350.135
350.135
350.135
350.135
350.135
350.135
350.135
350.135
350.135
350.135
350.135
350.135
350.135
350.135
350.135
350.135
350.135
350.135
350.135
350.135
350.135
350.135
350.135
350.135
350.135
350.135
350.135
350.135
350.135
350.135
350.135
350.135
350.135
350.135
350.135
350.135
350.135
350.135
350.135
350.135
350.135
350.135
350.135
350.135
350.135
350.135
350.135
350.135
350.135
350.135
350.135
350.135
350.135
350.135
350.135
350.135
350.135
350.135
350.135
350.135
350.135
350.135
350.135
350.135
350.135
350.135
350.135
350.135
350.135
350.135
350.135
350.135
350.135
350.135
350.135
350.135
350.135
350.135
350.135
350.135
350.135
350.135
350.135
350.135
350.135
350.135
350.135
350.135
350.135
350.135
350.135
350.135
350.135
350.135
350.135
350.135
350.135
350.135
350.135
350.135
350.135
350.135
350.135
350.135
350.135
350.135
350.135
350.135
350.135
350.135
350.135
350.135
350.135
350.135
350.135
350.135
350.135
350.135
350.135
350.135
350.135
350.135
350.135
350.135
350.135
350.135
350.135
350.135
350.135
350.135
350.135
350.135
350.135
350.135
350.135
350.135
350.135
350.135
350.908
350.908
350.908
352.049
352.049
352.049
352.049
352.049
352.049
348.867
348.867
348.867
348.867
348.867
348.867
348.867
348.867
348.867
348.867
348.867
348.867
348.867
348.867
348.867
348.867
348.867
348.867
348.867
348.867
348.867
348.867
348.867
348.867
348.867
348.867
348.867
348.867
348.867
348.867
348.867
348.867
348.867
348.867
348.867
348.867
348.867
348.867
348.867
348.867
348.867
348.867
348.867
348.867
348.867
348.867
349.517
349.517
349.517
349.517
349.517
349.517
349.517
349.517
349.517
349.517
349.517
349.517
349.517
349.517
349.517
349.517
349.517
349.517
349.517
349.517
349.517
349.517
349.517
349.517
349.517
349.517
349.517
349.517
349.517
349.517
349.517
349.517
349.517
349.517
349.517
349.517
349.517
349.517
349.517
349.517
349.517
349.517
349.517
349.517
349.517
349.517
349.517
403.751
402.899
402.899
402.899
402.899
402.899
402.899
402.899
402.899
402.899
402.899
402.899
402.899
402.899
402.899
402.899
402.899
402.899
402.899
402.899
402.899
402.899
402.899
402.899
402.899
402.899
402.899
402.899
402.899
402.899
402.899
402.899
402.899
402.899
402.899
402.899
402.899
402.899
402.899
402.899
402.899
402.899
402.899
402.899
402.899
402.899
402.899
402.899
402.899
402.899
402.899
402.899
402.899
402.899
402.899
402.899
402.899
402.899
402.899
402.899
402.899
402.899
402.899
402.899
402.899
402.899
402.899
402.899
402.899
402.899
402.899
402.899
402.899
402.899
402.899
402.899
402.899
402.899
402.899
402.899
402.899
402.899
402.899
402.899
402.899
402.899
402.899
402.899
402.899
402.899
402.899
402.497
402.497
402.497
402.497
402.497
402.497
402.497
402.497
402.497
402.497
402.497
402.497
402.497
402.497
403.173
403.173
403.173
403.173
403.173
403.173
403.173
403.173
403.173
403.173
403.173
403.173
403.173
403.173
403.173
403.173
403.173
403.173
403.173
338.009
338.009
338.009
338.009
338.009
338.009
338.009
338.009
338.009
338.009
338.009
338.009
338.009
338.009
338.009
338.009
338.009
338.009
338.009
338.009
338.009
338.009
339.925
339.925
339.925
339.925
339.925
339.925
339.925
339.925
339.925
339.925
339.925
339.925
339.925
339.925
339.925
339.925
339.925
339.925
339.925
339.925
339.925
339.925
339.925
339.925
339.925
339.925
339.925
339.925
339.925
339.925
339.925
339.925
339.925
339.925
339.925
339.925
339.925
339.925
339.925
339.925
339.925
339.925
339.925
339.925
339.925
339.925
339.925
339.925
339.925
339.925
339.925
339.925
339.925
339.925
339.925
339.925
328.023
328.023
328.023
328.023
328.023
328.023
328.023
328.023
328.023
328.023
328.023
328.023
328.023
328.023
328.023
328.023
328.023
328.023
328.023
328.023
328.023
328.023
328.023
328.023
328.023
328.023
328.023
328.023
328.023
328.023
328.023
328.023
328.023
328.023
328.023
328.023
328.023
328.023
328.023
328.023
328.023
328.023
328.023
328.023
328.023
328.023
328.023
328.023
328.023
328.023
328.023
328.023
328.023
328.023
328.023
328.023
328.023
328.023
328.023
328.023
328.023
328.023
328.023
328.023
328.023
328.023
328.023
328.023
328.023
328.023
328.023
328.023
328.023
328.023
328.023
328.023
328.023
328.023
328.023
328.023
328.023
328.023
328.023
328.023
328.023
328.023
328.023
328.023
328.023
328.023
328.023
328.023
328.023
328.023
328.023
328.023
328.023
326.442
326.442
326.442
326.89
327.273
327.273
327.273
327.273
366.702
366.702
366.702
366.702
366.702
366.702
367.154
285.672
285.672
285.672
285.672
285.672
285.672
285.672
285.672
285.672
285.672
285.672
285.672
285.672
285.672
285.672
285.672
285.672
285.672
285.672
285.672
285.672
285.672
285.672
285.672
285.672
285.672
285.672
285.672
285.672
285.672
285.672
285.672
285.672
285.672
284.655
284.655
284.655
284.655
284.655
284.655
284.655
284.655
284.655
284.655
284.655
284.655
284.655
284.655
284.655
284.655
284.655
284.655
284.655
284.655
284.655
284.655
284.655
284.655
284.655
284.655
284.655
284.655
284.655
284.655
284.655
284.655
284.655
284.655
284.655
284.655
284.655
284.655
284.655
284.655
284.655
284.655
284.655
284.655
284.655
284.655
284.655
284.655
284.655
284.655
284.655
284.655
354.504
594.578
594.578
594.578
594.578
594.578
594.578
594.578
594.578
594.578
594.578
594.578
594.578
594.578
594.263
592.599
592.599
592.599
592.599
592.599
592.599
592.599
592.599
592.599
592.599
592.599
592.599
592.599
592.599
592.599
592.599
592.599
592.599
592.14
592.14
592.14
592.14
592.14
592.14
592.14
592.14
592.14
592.14
592.14
592.14
592.14
592.14
592.14
592.14
592.14
592.14
592.14
592.14
592.14
592.14
592.14
592.14
592.14
592.14
592.14
592.14
592.14
592.14
592.14
592.14
592.14
592.14
592.14
592.14
592.14
592.14
592.14
592.14
592.14
592.14
592.14
592.14
592.14
592.14
592.14
592.14
592.14
592.14
592.14
592.14
592.14
592.14
592.14
592.14
592.14
592.14
592.14
592.14
592.14
592.14
592.14
592.14
592.14
591.743
591.743
590.566
590.566
590.566
590.566
590.566
590.566
590.566
589.545
589.545
589.545
589.75
589.75
589.75
589.75
589.75
589.75
589.75
589.75
589.75
589.75
589.75
589.75
589.75
589.75
589.75
589.75
589.75
589.75
589.75
589.75
589.75
589.75
589.75
589.75
589.75
589.75
589.75
589.75
589.75
589.75
589.75
589.75
589.75
589.75
589.75
589.75
589.75
589.75
589.75
589.75
589.75
589.75
589.75
589.75
589.75
589.75
589.75
589.75
589.75
589.75
589.75
589.75
589.75
589.75
589.75
589.75
589.75
589.75
589.75
589.75
589.75
589.75
589.75
589.75
589.75
589.75
589.75
589.75
589.75
589.75
589.75
589.75
589.75
589.75
589.75
589.75
589.75
589.75
589.75
589.75
589.75
589.75
589.75
589.75
589.75
589.75
589.75
589.75
589.75
589.75
589.75
589.75
589.75
589.75
589.75
589.75
589.75
589.75
589.75
589.75
589.75
589.75
589.75
589.75
589.75
589.75
589.75
589.75
589.75
589.75
589.75
589.75
589.75
589.75
589.75
589.75
589.75
589.75
589.75
589.75
589.75
589.75
589.75
589.75
589.75
589.75
589.75
589.75
589.75
589.75
589.75
589.75
589.75
589.75
589.75
589.75
589.75
589.75
589.75
589.75
589.75
589.75
589.75
589.75
589.75
589.75
589.75
589.75
589.75
589.75
589.75
589.75
589.75
589.75
589.75
589.75
589.75
589.75
589.75
589.75
589.75
589.75
589.75
589.75
589.75
589.75
589.75
589.75
589.75
589.75
589.75
589.75
589.75
589.75
589.75
589.75
589.75
589.75
589.75
589.75
589.75
589.75
589.75
589.75
589.75
589.75
589.75
589.75
589.75
590.597
590.597
590.597
590.597
590.597
590.521
590.521
590.521
590.521
590.521
590.521
590.521
590.521
590.521
590.521
590.521
590.521
590.521
590.521
590.521
590.521
590.521
590.521
590.521
590.521
590.521
590.521
590.521
590.521
590.521
590.521
590.521
590.521
590.521
590.521
590.521
590.521
590.521
590.521
590.521
590.521
590.521
590.521
590.521
590.521
590.521
590.521
590.521
590.521
590.521
590.521
590.521
590.521
590.521
590.521
590.521
590.521
590.521
590.521
590.521
590.521
590.521
590.521
590.521
590.521
590.521
590.521
590.521
590.521
590.521
590.521
590.521
590.521
590.521
590.521
590.521
590.521
590.521
590.521
590.521
590.521
590.521
590.521
590.521
590.521
590.521
590.521
590.521
590.521
590.521
590.521
590.521
590.521
590.521
590.521
590.521
590.521
590.521
590.521
590.521
590.521
590.521
590.521
590.521
590.521
590.521
590.818
593.296
593.296
593.296
593.296
593.296
593.296
593.296
593.296
593.296
593.296
593.296
593.296
593.296
593.296
593.296
593.296
593.296
593.296
593.296
593.296
593.296
593.296
593.296
593.296
593.296
593.296
593.296
593.296
593.296
593.296
593.296
593.296
593.296
593.296
593.296
593.296
593.296
593.296
593.296
593.296
593.296
593.296
593.296
593.296
593.296
593.296
593.296
593.296
593.296
593.296
593.296
593.296
593.296
593.296
593.296
593.296
593.296
593.296
593.296
593.296
593.296
593.296
593.296
593.296
593.296
593.296
593.296
593.296
593.296
593.296
593.296
593.296
593.296
593.296
593.296
593.296
593.296
593.296
593.296
593.296
593.296
593.296
593.296
593.296
593.296
593.296
593.296
593.296
593.296
593.296
593.296
593.296
594.346
442.961
442.117
442.117
442.117
442.117
442.117
442.117
442.117
442.117
442.117
442.117
442.117
442.117
442.117
442.117
442.117
442.117
442.117
442.117
442.117
442.117
443.499
443.499
443.499
443.499
443.499
443.499
443.499
443.499
443.499
443.499
443.499
443.499
443.499
443.499
443.499
443.499
443.499
443.499
443.499
443.499
443.499
443.499
443.499
443.499
443.499
443.499
443.499
443.499
443.499
443.499
443.499
443.499
443.499
443.499
443.499
443.499
443.499
443.499
443.499
443.499
443.499
443.499
443.499
443.499
443.499
443.499
443.499
443.499
443.499
443.499
443.499
443.499
443.499
443.499
443.499
443.499
443.499
443.499
443.499
443.499
443.499
443.499
443.499
443.499
443.499
443.499
443.499
443.499
443.499
443.499
443.499
443.499
443.499
443.499
443.499
443.499
443.499
443.499
443.499
443.499
443.499
443.499
443.499
443.499
378.565
378.565
378.565
378.565
378.565
378.565
378.565
378.565
378.565
378.565
378.565
378.565
378.565
378.565
378.565
378.565
378.565
378.565
378.565
378.565
378.565
378.565
378.565
378.565
378.565
378.565
378.565
378.565
378.565
378.565
378.565
378.565
378.565
378.565
378.565
378.565
377.385
377.385
376.192
376.192
376.192
376.192
376.192
376.442
376.442
376.442
376.442
376.442
376.442
376.442
376.442
376.442
376.442
376.442
376.442
376.442
376.442
376.442
376.442
376.442
376.442
376.442
376.442
376.442
376.442
376.442
376.442
376.442
376.442
376.442
376.442
376.442
376.442
376.442
376.442
376.442
376.442
376.442
376.442
376.442
376.442
376.442
376.442
376.442
376.442
376.442
376.442
376.442
376.442
376.442
376.442
376.442
376.442
376.442
376.442
376.442
376.442
376.442
376.442
376.442
376.442
376.442
376.442
376.442
376.442
376.442
376.442
376.442
376.442
376.442
376.442
376.442
376.442
376.442
376.442
376.442
376.442
376.442
376.442
376.442
376.442
376.442
376.442
376.442
376.442
376.442
376.442
376.442
376.442
376.442
376.442
376.442
376.442
376.442
376.442
376.442
376.442
376.442
376.442
376.442
376.442
376.442
376.442
376.442
376.442
376.442
376.442
376.442
376.442
376.442
376.442
376.442
376.442
376.442
376.442
376.442
376.442
376.442
376.442
376.442
376.442
376.442
376.442
376.442
376.442
376.442
376.442
376.442
376.442
376.442
376.442
376.442
376.442
376.442
376.442
376.442
376.442
376.442
376.442
376.442
376.442
376.442
376.442
376.442
376.442
376.442
376.442
376.442
376.442
376.442
376.442
376.442
376.442
376.442
376.442
376.903
376.903
376.903
410.161
411.839
411.839
411.839
411.839
411.839
411.839
411.839
411.839
411.839
411.839
411.839
411.839
411.839
411.839
318.289
318.289
318.289
318.289
318.289
318.289
318.289
318.289
318.289
318.289
318.289
318.289
318.289
318.289
318.289
318.289
318.289
318.289
318.289
318.289
318.289
318.289
318.289
318.289
318.289
318.289
318.289
318.289
318.289
318.289
318.289
318.289
318.289
318.289
318.289
318.289
318.289
318.289
318.289
318.289
318.289
318.289
318.289
318.289
318.289
318.289
318.289
318.289
318.289
318.289
318.289
318.289
318.289
318.289
318.289
318.289
318.289
318.289
318.289
318.289
318.289
318.289
318.289
318.289
318.289
318.289
318.289
318.289
318.289
318.289
318.289
318.289
318.289
318.289
318.289
318.289
318.289
318.289
318.289
318.289
318.289
318.289
318.757
318.872
318.872
318.872
318.872
318.872
318.872
318.872
318.872
318.872
318.872
318.872
318.872
318.872
318.872
318.872
318.872
318.872
318.872
318.872
318.872
318.872
318.872
318.872
318.872
318.872
318.872
318.872
318.872
318.872
318.872
318.872
318.872
318.872
318.872
318.872
318.872
318.872
318.872
318.872
318.872
318.872
318.872
318.872
318.872
331.462
331.462
331.462
331.462
331.462
331.462
331.462
331.462
331.462
331.462
331.462
300.699
300.699
300.699
300.699
300.699
300.699
300.699
300.699
300.699
300.699
300.699
300.699
299.425
299.425
299.425
299.425
299.425
299.425
299.425
299.425
299.425
299.425
299.425
299.425
299.425
299.425
299.425
299.425
299.425
299.425
299.425
299.425
299.425
299.425
299.425
299.425
299.425
299.425
299.425
299.425
299.425
299.425
299.425
299.425
299.425
299.425
299.425
299.425
299.425
299.425
299.425
298.864
296.53
296.53
296.53
296.53
296.53
296.53
296.53
296.53
296.53
296.53
296.53
296.53
296.53
296.53
296.53
296.53
296.53
296.53
364.021
364.021
364.021
364.021
364.021
364.021
364.021
364.021
364.021
364.021
364.021
364.021
364.021
364.021
364.021
364.021
364.021
364.021
364.021
364.021
364.021
364.021
364.021
364.021
364.021
364.021
364.021
364.021
364.021
364.021
364.021
364.021
364.021
364.021
364.021
364.021
364.021
364.021
364.021
364.021
364.021
364.021
364.021
364.021
364.021
364.021
364.021
364.021
364.021
364.021
364.021
364.021
364.021
364.021
364.021
364.021
364.021
364.021
364.021
364.021
364.021
364.021
364.021
364.021
364.021
364.021
364.021
364.021
364.021
364.021
364.021
364.021
364.021
364.021
364.021
364.021
364.021
363.701
345.582
345.582
345.582
345.582
345.582
345.582
345.582
345.582
345.582
345.582
345.582
345.582
345.582
345.582
345.582
345.582
345.582
345.582
350.531
350.531
350.531
350.531
350.531
350.531
350.531
350.531
350.531
350.531
350.531
350.531
350.531
350.531
350.531
350.531
350.531
350.531
350.531
350.531
350.531
350.531
350.531
350.531
350.531
350.531
351.417
351.417
351.417
351.417
351.417
351.417
351.417
351.417
351.417
351.417
351.417
351.417
351.417
351.417
351.417
351.417
351.417
351.417
351.417
351.417
351.417
351.417
351.417
351.417
351.417
351.417
351.417
351.417
351.417
351.417
351.417
351.417
351.417
351.417
351.417
351.417
351.417
351.417
351.417
346.441
346.441
345.808
345.808
345.808
345.808
345.808
345.808
345.808
345.808
345.808
345.808
345.808
261.334
261.334
344.976
344.976
344.976
344.976
344.976
344.976
344.976
344.976
344.976
344.976
263.755
263.755
263.755
263.755
263.755
263.755
263.755
263.755
263.755
263.755
263.755
263.755
263.755
263.755
263.755
263.755
263.755
263.755
263.755
263.755
263.755
263.755
263.755
263.755
263.755
263.755
263.755
263.755
263.755
263.755
263.755
263.755
263.755
263.755
263.755
263.755
263.755
263.755
263.755
263.755
263.755
263.755
263.755
263.755
263.755
263.755
263.755
263.755
263.755
263.755
263.755
263.755
263.755
263.755
263.755
263.755
263.755
263.755
263.755
263.755
263.755
263.755
263.755
263.755
263.755
263.755
263.755
263.755
263.755
263.755
263.755
292.885
292.885
292.885
292.885
292.885
292.885
292.885
292.885
292.885
292.885
292.885
292.885
292.885
292.885
292.885
292.885
292.885
292.885
292.885
292.885
292.58
292.58
292.58
292.58
292.58
292.58
292.58
292.58
292.58
292.58
292.58
292.58
292.58
292.58
332.273
332.273
332.273
332.273
332.273
332.273
417.551
417.551
417.551
417.551
417.551
417.551
417.551
417.551
417.551
417.551
417.396
417.396
417.396
417.396
417.396
417.396
417.396
417.396
417.396
417.396
417.396
417.396
417.396
417.396
417.396
417.396
417.396
417.396
417.396
417.396
417.396
417.396
417.396
417.396
417.396
417.396
417.396
417.396
417.396
417.396
417.396
372.785
372.785
372.785
372.785
372.785
372.785
372.785
372.785
372.785
372.785
372.785
372.785
372.785
372.785
372.785
372.785
372.785
372.785
372.785
372.785
372.785
372.785
372.785
372.785
372.785
372.785
372.785
372.785
372.785
372.785
372.785
372.785
372.785
372.785
372.785
372.785
372.785
372.785
372.785
372.785
372.785
372.785
514.842
514.842
514.842
514.842
514.842
514.842
514.842
423.809
383.15
383.15
383.15
383.15
383.15
383.15
383.15
383.15
383.15
383.15
383.15
383.15
383.15
383.15
383.15
383.15
383.622
383.622
383.622
383.622
383.622
383.622
383.622
383.622
383.622
383.622
383.622
383.622
383.622
383.622
383.622
383.622
383.622
383.622
383.622
383.622
383.622
383.622
383.622
383.622
383.622
383.622
383.622
383.622
383.622
383.622
383.622
383.622
383.622
383.622
383.622
383.622
383.622
383.622
383.622
383.622
383.622
383.622
383.622
383.622
383.622
383.622
383.622
383.622
383.622
383.622
383.622
383.622
383.622
383.622
383.622
383.622
383.622
383.622
383.622
383.622
383.622
383.622
383.622
383.622
383.622
383.622
383.622
383.622
383.622
383.622
385.602
385.602
385.602
385.602
385.602
385.602
385.602
385.602
385.602
334.709
334.709
334.709
334.709
334.709
334.709
334.709
334.709
334.709
334.709
334.709
417.956
207.333
207.333
207.333
207.333
207.333
207.333
207.333
207.333
207.333
207.333
207.333
207.333
207.333
207.333
207.333
207.333
207.333
207.333
207.333
207.333
207.333
207.333
207.333
207.333
207.333
207.333
207.333
207.333
207.333
207.333
207.333
207.333
207.333
207.333
207.333
207.333
207.333
207.333
207.333
207.333
261.636
261.636
261.636
261.636
261.636
261.636
261.636
261.636
261.636
261.636
261.636
261.636
261.636
261.636
261.636
261.636
261.636
261.636
261.636
261.636
261.636
261.636
261.636
261.636
261.636
261.636
261.636
261.636
261.636
261.636
261.636
261.636
261.636
261.636
261.636
261.636
261.636
261.636
261.636
261.636
261.636
193.777
193.777
193.777
193.777
193.777
193.777
193.777
193.777
193.777
193.777
193.777
193.777
193.777
193.777
193.777
193.777
233.068
233.068
233.068
233.28
233.28
233.28
233.28
233.28
233.28
233.16
233.16
233.16
233.16
233.16
233.16
233.16
233.16
233.16
233.16
233.16
233.16
233.16
233.16
233.16
233.16
233.16
233.16
233.16
233.16
233.16
233.16
233.16
233.16
233.16
233.16
233.16
233.16
233.16
233.16
233.16
233.16
233.16
233.16
233.16
233.16
233.16
233.16
233.16
233.16
233.16
233.16
233.16
412.028
412.028
412.028
412.028
412.028
412.028
412.028
412.028
412.028
412.028
412.028
412.028
412.028
412.028
412.028
412.028
412.028
412.028
412.028
412.028
412.028
412.028
412.028
412.028
412.028
412.028
412.028
412.028
412.028
412.028
412.028
412.028
412.028
412.028
412.028
412.028
412.028
412.028
412.028
412.028
412.028
412.028
412.028
412.028
412.028
412.028
412.028
374.214
374.214
374.214
374.214
374.214
374.214
374.214
374.214
374.214
374.214
374.214
374.214
374.214
374.214
374.214
393.894
393.894
393.894
393.894
393.894
393.894
393.894
393.894
393.894
393.894
393.894
393.894
393.894
393.894
393.894
393.894
393.894
393.894
393.894
393.894
393.894
393.894
393.894
393.894
393.894
393.894
393.894
393.894
393.894
393.894
393.894
393.894
393.894
393.894
393.894
393.894
393.894
393.894
393.894
393.894
393.894
393.894
393.894
393.894
393.894
393.894
393.894
393.894
393.894
393.894
393.894
393.894
393.894
393.894
393.894
393.894
393.894
393.894
393.894
393.894
393.894
393.894
393.894
393.894
393.894
393.894
393.894
467.861
467.861
467.484
467.484
467.484
467.484
467.484
467.484
467.484
467.484
482.083
482.083
482.083
482.083
482.083
482.083
482.083
482.083
482.083
482.083
482.083
482.083
482.083
482.083
482.083
482.083
482.083
482.083
482.083
482.083
482.083
482.083
482.083
482.083
482.083
482.083
482.083
482.083
482.083
482.083
482.083
482.083
482.083
482.083
482.083
482.083
482.083
482.083
482.083
482.083
482.083
482.083
482.083
482.083
482.083
482.083
482.083
482.083
482.083
482.083
482.083
482.083
482.083
482.083
482.083
482.083
482.083
482.083
482.083
482.083
482.083
482.083
482.083
482.083
482.083
482.083
482.083
482.083
482.083
482.083
482.083
482.083
482.083
482.083
482.083
482.083
482.083
482.083
482.083
482.083
482.083
482.083
482.083
482.083
482.083
482.083
482.083
482.083
482.083
482.083
482.083
482.083
478.976
478.976
478.976
478.976
478.976
478.976
478.976
478.976
478.976
478.976
478.976
478.976
478.976
478.976
478.976
478.976
478.976
478.976
478.976
478.976
478.976
478.976
478.976
478.976
478.976
478.976
478.976
478.976
478.976
478.976
478.976
478.976
478.976
478.976
478.976
478.976
478.976
478.976
478.976
478.976
478.976
478.976
478.976
478.976
478.976
478.976
478.976
478.976
478.976
478.976
478.976
478.976
478.976
478.976
478.976
478.976
478.976
478.976
478.976
478.976
478.976
478.976
478.976
478.976
478.976
478.976
478.976
478.976
478.976
478.976
478.976
478.976
478.976
478.976
478.976
478.976
478.976
478.976
478.976
478.976
478.976
478.976
478.976
478.976
478.976
478.976
478.976
478.976
478.976
478.976
478.976
478.976
478.976
478.976
478.976
478.976
478.976
478.976
478.976
447.209
447.209
447.209
447.209
447.209
447.209
447.209
452.168
452.168
452.168
452.168
452.168
473.562
473.562
473.562
474.316
474.316
474.316
474.316
474.316
474.316
474.316
474.316
474.316
474.316
474.316
474.316
474.316
474.316
474.316
474.316
474.316
474.316
474.316
474.316
474.316
474.316
474.316
474.316
474.316
474.316
474.316
474.316
474.316
474.316
474.316
474.316
474.316
474.316
474.316
474.316
474.316
474.316
474.316
474.316
474.316
474.316
474.316
474.316
474.316
474.316
474.316
474.316
474.316
474.316
474.316
474.316
474.316
474.316
474.316
474.316
474.316
474.316
474.316
474.316
474.316
474.316
474.316
474.316
474.316
474.316
474.316
474.316
474.316
474.316
474.316
474.316
474.316
474.316
474.316
474.316
474.316
474.316
474.316
474.316
474.316
474.316
474.316
474.316
474.316
474.316
474.316
474.316
474.316
474.316
473.695
473.695
473.695
473.695
473.695
473.695
473.695
473.695
473.695
473.695
473.695
473.695
473.695
473.695
473.695
473.695
473.695
473.695
473.695
473.695
473.695
473.695
473.695
473.695
473.695
473.695
473.695
473.695
473.695
473.695
473.695
473.695
473.695
473.695
473.695
473.695
473.695
473.695
473.695
473.695
473.695
473.695
473.695
473.695
473.695
473.695
473.695
473.695
473.695
471.766
471.766
471.766
471.766
471.766
471.766
471.766
471.766
471.766
469.049
469.049
469.049
469.049
469.049
469.049
469.049
470.74
386.632
386.632
386.632
386.632
386.632
386.632
386.632
386.632
386.632
386.632
386.632
386.632
386.632
386.632
386.632
386.632
386.632
386.632
386.632
386.632
386.632
386.632
386.632
386.632
386.632
386.632
386.632
386.632
373.954
356.008
356.008
413.364
340.788
340.788
340.788
340.788
340.788
340.788
340.788
340.788
340.788
340.788
340.788
340.788
340.788
340.788
340.788
340.788
340.788
340.788
340.788
340.788
340.788
340.788
340.788
340.788
340.788
340.788
340.788
340.788
340.788
340.788
340.788
340.788
340.788
340.788
340.788
340.788
340.788
340.788
340.788
340.788
340.788
340.679
340.679
340.679
340.679
340.679
339.835
339.835
339.835
339.835
339.835
339.835
339.835
339.835
339.835
339.835
339.835
339.835
339.835
339.835
339.835
339.835
339.835
339.835
339.835
339.835
339.835
339.835
339.835
339.835
339.835
339.835
339.835
339.835
339.835
339.835
339.835
339.835
339.835
339.835
339.835
339.835
339.835
339.835
339.835
339.835
339.835
339.835
339.835
339.835
339.835
339.835
339.835
339.835
339.835
339.835
339.835
340.518
340.518
340.518
340.518
341.175
341.175
236.52
235.889
235.889
235.889
235.889
166.19
166.19
166.19
166.19
166.19
166.19
166.19
166.19
166.19
166.19
166.19
166.19
166.19
166.19
166.19
166.19
166.19
166.19
200.847
200.847
199.123
199.123
199.123
199.123
199.123
199.123
199.123
199.123
199.123
199.123
199.123
199.123
199.123
199.123
199.123
199.123
199.123
199.123
199.123
199.123
199.123
199.123
139.009
139.009
139.009
139.009
139.009
139.009
139.009
139.009
139.009
139.009
139.009
139.009
139.009
139.009
139.009
139.009
139.009
139.009
139.009
139.009
139.009
139.009
139.009
139.009
139.009
139.009
139.009
231.178
231.178
231.178
231.178
231.178
231.178
231.178
231.178
231.178
231.178
231.178
231.178
231.178
231.178
231.178
231.178
231.178
231.178
231.178
231.178
231.094
231.094
231.094
231.094
231.094
231.094
231.094
231.094
221.055
221.055
221.055
221.055
221.055
221.055
221.055
221.055
221.055
221.055
221.055
221.055
221.055
221.055
221.055
221.055
221.055
221.055
221.055
221.055
221.055
221.055
221.055
221.055
221.055
221.055
221.055
221.055
221.055
221.055
221.055
221.055
221.055
221.055
221.055
221.055
221.055
221.055
221.055
221.055
221.055
221.055
221.055
221.055
221.055
221.055
221.055
221.055
221.055
221.055
221.055
221.055
221.055
221.055
221.055
221.055
221.055
221.055
221.055
221.055
221.055
221.055
221.055
221.055
221.055
221.055
221.055
221.055
221.055
221.055
221.055
221.055
221.055
221.055
221.055
221.055
221.055
221.055
221.055
221.055
221.055
221.055
221.055
221.055
221.055
221.055
221.055
221.055
221.055
221.055
221.055
221.055
221.272
221.272
221.272
221.272
221.272
221.272
221.272
187.881
187.881
187.881
187.881
247.087
247.087
247.087
247.087
247.087
247.087
247.087
247.087
247.087
247.087
247.087
247.087
247.087
247.087
247.087
247.087
247.087
247.087
247.087
247.087
247.087
247.087
247.087
247.087
247.087
247.087
247.087
247.087
247.087
247.087
247.087
247.087
247.087
247.087
247.087
247.087
247.087
247.087
247.087
247.087
247.087
247.087
247.087
247.087
247.087
247.087
247.087
247.087
247.087
247.087
246.946
246.946
246.946
246.946
246.946
246.946
246.946
246.946
246.946
246.946
246.946
246.946
246.946
246.946
246.946
246.946
246.946
246.946
246.946
246.946
246.946
246.946
246.946
246.946
246.946
246.946
246.946
246.946
246.946
246.946
246.946
246.946
246.946
246.946
246.946
246.946
246.946
246.946
246.946
352.86
352.86
352.86
352.86
352.86
352.86
352.86
352.86
352.86
353.444
353.444
353.444
353.444
353.444
353.444
353.444
353.444
353.444
353.444
353.444
353.444
353.444
353.444
353.444
353.444
353.444
353.444
316.43
316.43
316.43
316.43
316.43
316.43
316.43
316.43
316.43
316.43
316.43
316.43
316.43
316.43
316.43
316.43
316.43
316.43
316.43
315.962
315.962
315.962
315.962
315.962
315.962
315.962
315.962
315.962
315.962
315.962
315.962
315.962
315.962
315.962
315.962
315.962
315.962
315.962
315.962
315.962
315.962
315.962
315.962
315.962
315.962
315.962
315.962
315.962
315.962
315.962
315.962
315.962
315.962
315.962
315.962
315.962
315.962
315.962
315.962
315.962
315.962
315.962
315.962
315.962
315.962
315.962
315.962
315.962
315.962
315.962
315.962
315.962
315.962
315.962
315.962
315.962
315.962
315.962
315.962
315.962
315.962
315.962
315.962
315.962
315.962
315.962
315.962
315.962
315.962
315.962
315.962
315.962
315.962
315.962
315.962
315.962
315.962
315.962
315.962
315.962
315.962
315.962
315.962
315.962
315.962
315.962
315.962
315.962
315.962
315.962
315.962
315.962
315.962
315.962
315.962
315.962
315.962
315.962
315.962
315.962
315.962
315.962
315.962
315.962
315.962
315.962
315.962
317.358
317.358
317.358
317.358
317.358
317.358
317.358
317.358
317.358
317.358
317.358
317.358
317.358
317.358
317.358
317.358
317.358
317.358
317.358
317.358
317.358
317.358
317.358
317.358
317.358
317.358
317.358
317.358
317.358
317.358
317.358
316.926
316.926
316.926
316.926
316.926
316.926
316.926
316.926
316.926
316.926
316.926
316.926
316.926
316.926
270.756
271.3
271.3
271.3
271.3
271.3
271.3
271.3
271.3
271.3
271.3
271.3
271.3
271.3
271.3
271.3
271.3
271.3
271.3
271.3
271.3
271.3
271.3
271.3
271.3
271.3
271.3
271.3
271.3
271.3
271.3
271.3
271.3
271.3
271.3
271.3
271.3
269.699
269.699
269.699
269.699
269.699
269.699
269.699
269.699
269.699
269.699
269.699
269.205
269.205
269.205
269.205
269.205
269.205
269.205
269.205
269.205
269.205
269.205
269.205
269.205
269.205
269.205
269.205
269.205
269.205
269.205
269.205
269.205
269.205
269.205
269.205
269.205
269.205
269.205
269.205
269.205
269.205
269.205
269.205
269.205
269.205
269.205
269.205
269.205
269.205
269.205
269.205
269.205
269.205
269.205
269.205
269.205
269.205
269.205
269.205
269.205
269.589
269.589
269.589
269.589
289.46
289.46
289.46
289.46
289.46
289.46
289.46
289.46
289.46
289.46
289.46
289.46
289.46
289.46
289.46
289.46
289.46
289.46
289.46
289.46
289.46
289.46
289.46
289.46
289.46
289.46
289.46
289.46
289.46
289.46
289.46
289.46
289.46
289.46
289.46
289.46
289.46
289.46
289.46
289.46
289.46
289.46
289.46
289.46
289.46
289.46
289.46
289.46
289.46
289.46
289.46
289.46
289.46
289.46
289.46
289.46
289.46
289.46
289.46
289.46
289.46
289.46
289.46
289.46
289.46
289.46
289.46
289.46
289.46
289.46
289.46
289.46
289.46
289.46
289.46
289.46
289.46
289.46
289.46
289.46
289.46
289.46
289.46
289.46
289.46
289.46
289.46
289.46
289.46
289.46
289.46
289.46
289.46
289.46
289.46
289.46
289.46
289.46
289.46
289.46
254.622
254.043
254.043
254.043
254.043
254.198
254.198
254.198
254.198
254.198
254.198
254.198
254.198
254.198
254.198
254.198
254.198
254.198
254.198
254.198
254.198
254.198
254.198
254.198
254.198
254.198
254.198
253.997
253.997
253.997
253.997
253.997
253.997
253.997
253.997
253.997
253.997
253.997
253.997
253.997
253.997
253.997
253.997
253.997
253.997
253.997
253.997
253.997
253.997
253.997
253.997
252.59
252.59
252.59
252.59
252.59
252.59
252.59
252.59
252.59
252.59
252.59
252.59
252.59
252.59
252.59
252.59
252.59
252.59
252.59
252.59
252.59
252.59
252.59
252.59
252.59
252.59
252.59
252.59
252.59
252.59
252.59
252.59
252.59
252.59
252.59
252.59
252.59
252.59
252.59
252.59
252.59
252.59
252.59
252.59
252.59
252.59
252.59
252.59
252.59
252.59
251.956
251.956
251.956
251.368
251.368
251.368
251.368
251.368
251.368
251.368
251.368
251.368
251.368
251.368
251.368
251.368
251.368
251.368
251.368
251.368
251.368
251.368
251.368
251.368
251.368
251.368
251.368
251.368
251.368
251.368
251.368
251.368
251.368
251.368
251.368
251.368
251.368
251.368
251.368
251.368
251.368
251.368
251.368
251.368
251.368
251.368
251.368
251.368
251.368
251.368
251.368
251.368
251.368
251.368
251.368
251.368
251.368
251.368
251.368
251.368
251.368
251.368
251.368
251.368
251.368
251.368
251.368
251.368
251.368
251.368
251.368
251.368
251.368
251.368
251.368
251.368
251.368
251.368
251.368
251.368
251.368
251.368
251.368
251.368
251.368
251.368
251.368
251.368
251.368
251.368
251.368
251.368
251.368
251.368
251.368
251.368
251.368
251.368
251.368
251.368
251.368
251.368
243.713
244.908
244.155
244.155
244.155
244.155
244.155
244.155
244.155
244.155
244.155
244.155
244.155
244.155
244.155
244.155
244.155
244.155
244.155
244.155
244.155
244.155
244.155
244.155
244.71
244.71
244.71
244.71
244.71
244.71
244.71
244.71
244.71
244.71
244.71
244.71
244.71
244.71
244.71
244.71
245.574
245.574
245.574
245.574
245.574
245.574
245.574
245.574
245.574
245.574
245.574
245.574
245.574
245.574
245.574
245.574
245.574
245.574
245.574
245.574
245.574
245.574
245.574
245.574
245.574
245.574
245.574
245.574
245.438
245.438
245.438
245.438
245.438
245.438
245.438
245.438
245.438
245.438
245.438
245.438
245.438
245.438
245.438
245.438
245.438
245.438
245.438
245.438
245.438
245.438
245.438
245.438
245.438
245.438
245.438
245.438
245.497
245.497
245.497
245.497
245.497
216.158
216.158
216.158
216.158
216.158
216.158
216.158
216.158
216.158
216.158
216.158
216.158
216.158
216.158
216.158
216.158
216.158
216.158
216.158
216.158
216.158
216.158
216.158
216.158
216.158
216.158
216.158
216.158
216.158
216.158
216.158
216.158
216.158
216.158
216.158
216.158
216.158
216.158
216.158
216.158
216.158
216.158
216.158
216.158
216.158
216.158
216.158
216.158
216.158
216.158
216.158
216.158
216.158
216.158
216.158
216.158
216.158
216.158
216.158
216.158
216.158
216.158
216.158
216.158
216.158
216.158
216.158
216.158
216.158
216.158
216.158
216.158
216.158
216.158
216.158
216.158
216.158
216.158
216.158
216.158
216.158
216.158
216.158
216.158
216.158
216.158
216.158
216.158
216.158
216.158
216.158
216.158
216.158
216.158
216.158
216.158
216.158
161.66
161.66
161.66
161.66
161.66
161.66
161.66
161.66
161.66
161.66
161.66
161.66
161.66
161.66
161.66
161.66
161.66
161.66
161.66
161.66
161.66
161.66
161.66
161.66
161.66
161.66
161.66
161.66
161.66
161.66
161.66
161.66
161.66
161.66
161.66
161.66
161.66
161.66
161.66
161.66
161.66
161.66
161.66
161.66
161.66
161.66
161.66
161.66
161.66
161.66
161.66
161.66
161.66
161.66
161.66
161.66
161.66
161.66
161.66
161.66
161.66
161.66
161.66
161.66
161.66
161.66
161.66
161.66
161.66
161.66
161.66
161.66
161.66
161.66
161.66
161.66
161.66
161.66
161.66
161.66
161.66
161.66
161.66
161.66
161.66
161.66
161.66
161.66
161.66
161.66
161.66
161.66
161.66
161.66
161.66
161.66
161.66
161.66
161.921
162.362
162.362
159.368
159.368
159.368
126.928
126.928
126.928
126.928
126.928
126.928
151.353
151.353
151.353
151.353
151.353
151.353
151.353
151.228
153.692
153.692
153.692
153.692
153.692
153.692
153.692
153.692
153.692
153.692
153.692
153.692
153.692
153.692
153.692
153.692
153.692
153.692
153.692
153.692
153.692
153.692
153.692
153.692
153.692
153.692
153.692
153.692
153.692
153.692
153.692
153.692
153.692
153.692
153.692
153.692
153.692
153.692
153.692
153.692
153.692
153.692
153.692
153.692
153.692
153.692
153.692
153.692
153.692
153.692
153.692
153.692
153.692
153.692
153.692
153.692
153.692
153.692
153.692
153.692
153.692
153.692
153.692
153.692
153.692
153.692
153.692
153.692
153.692
153.692
153.692
153.692
153.692
153.692
153.692
153.692
153.692
153.692
153.692
153.692
153.692
153.681
153.681
153.681
153.681
153.681
153.681
153.681
153.681
153.681
153.681
150.427
150.427
150.427
150.427
150.427
150.427
150.427
150.427
150.427
150.427
150.427
136.278
136.278
136.278
136.278
136.278
136.278
136.278
136.278
136.278
136.278
136.278
136.278
136.278
136.278
136.278
136.278
136.278
111.52
111.52
111.52
111.52
111.52
111.52
111.52
111.52
111.52
111.52
111.52
111.52
111.52
111.52
111.52
111.52
111.52
111.52
111.52
111.52
111.52
111.52
111.52
111.52
111.52
111.52
111.52
111.52
111.52
111.52
111.52
111.52
111.52
111.52
111.52
111.52
111.52
111.52
111.52
111.52
111.52
87.1203
118.916
118.916
118.916
118.916
118.916
118.916
118.916
118.916
118.916
118.916
118.916
118.916
118.916
118.916
118.916
118.916
118.916
118.916
118.916
118.916
118.916
118.916
118.916
118.916
118.916
118.916
118.916
118.916
118.916
119.373
119.373
119.373
119.373
119.373
119.373
119.373
119.373
119.373
119.373
119.373
119.373
119.373
119.373
119.373
119.373
119.373
119.373
119.373
119.373
119.373
122.114
122.114
122.114
122.114
122.114
122.114
122.114
122.114
122.114
122.114
122.114
122.114
122.114
122.114
122.114
122.114
122.114
122.114
122.114
122.114
122.114
122.114
122.114
122.114
122.114
121.896
121.896
121.896
121.896
121.896
121.896
121.896
121.896
121.896
121.896
121.896
121.896
121.896
121.896
121.896
121.896
121.896
121.896
121.896
121.896
121.896
121.896
121.896
121.896
121.896
121.896
121.896
121.896
121.896
121.896
121.896
121.896
121.896
121.896
121.896
121.896
121.896
121.896
121.896
121.896
121.896
121.896
121.896
121.896
122.058
122.058
122.058
122.058
122.058
122.058
122.058
122.058
122.058
122.058
122.413
122.413
122.413
122.413
122.413
122.413
122.413
122.413
122.257
122.257
122.257
122.257
122.257
122.257
122.257
122.257
122.257
122.257
122.257
122.257
122.257
122.257
122.257
122.257
122.257
122.257
122.257
122.257
122.257
122.257
122.257
122.257
122.257
122.257
122.257
122.257
122.257
122.257
122.257
122.257
122.257
122.257
122.257
122.257
122.257
122.257
122.257
122.257
122.257
122.257
122.257
122.257
122.257
122.257
122.257
122.257
122.161
122.161
122.161
122.161
122.161
122.161
122.161
122.161
122.161
122.161
122.161
122.161
122.161
122.161
122.161
122.161
122.161
122.161
122.161
122.161
122.161
122.161
122.161
122.161
122.161
122.161
122.161
122.161
122.161
122.161
122.161
122.161
122.161
122.161
122.161
122.325
122.325
122.325
122.325
122.325
121.876
121.876
121.876
121.876
121.876
121.876
121.876
121.876
121.876
121.876
121.876
121.876
121.876
121.876
121.876
121.876
121.876
121.876
121.876
121.876
121.876
121.876
121.876
121.876
121.876
121.876
121.876
121.876
121.876
121.876
121.876
121.876
121.876
121.876
121.876
121.876
121.876
121.876
121.876
121.876
121.876
121.876
121.876
121.876
121.876
121.876
121.876
121.876
121.876
121.876
121.876
121.876
121.876
121.876
121.876
121.876
121.876
121.876
121.876
121.876
121.876
121.876
121.876
121.876
121.876
121.876
121.876
121.876
121.876
121.876
121.876
121.876
121.876
121.876
121.876
121.876
121.876
121.836
121.836
121.836
121.836
121.836
121.836
121.836
121.836
121.836
121.836
121.836
121.836
121.836
121.836
121.836
121.836
